36 0.46328125 0.70234375 0.0484375 0.128125
36 0.503125 0.3890625 0.046875 0.121875
6 0.49375 0.0171875 0.025 0.015625
7 0.49453125 0.0328125 0.025 0.0140625
7 0.49375 0.0484375 0.025 0.015625
22 0.5015625 0.340625 0.021875 0.01875
13 0.50234375 0.35625 0.025 0.0140625
32 0.503125 0.37109375 0.025 0.0171875
0 0.50234375 0.38203125 0.003125 0.00625
9 0.50390625 0.390625 0.021875 0.0140625
6 0.50390625 0.40703125 0.0234375 0.0140625
3 0.5046875 0.421875 0.0234375 0.015625
7 0.50546875 0.4359375 0.0234375 0.015625
7 0.4578125 0.65078125 0.025 0.0171875
7 0.45859375 0.68828125 0.025 0.01875
8 0.4578125 0.6703125 0.025 0.01875
0 0.45859375 0.7 0.00625 0.009375
19 0.46015625 0.74921875 0.025 0.015625
21 0.47169984062500003 0.719889546875 0.44619623593749996 0.7237878281250001 0.4477065765625 0.7409478546875 0.47277823906250005 0.73545129375 0.47169984062500003 0.719889546875
11 0.4714785234375 0.702626734375 0.44629692500000007 0.70635966875 0.4479079546875 0.7228493874999999 0.472576859375 0.7186934421875 0.4714785234375 0.702626734375