36 0.20625 0.49609375 0.2140625 0.071875
36 0.71953125 0.55546875 0.190625 0.06875
14 0.9515625 0.59296875 0.01875 0.040625
23 0.9734375 0.59296875 0.021875 0.034375
25 0.79375 0.55546875 0.03125 0.04375
32 0.765625 0.55625 0.025 0.040625
12 0.7390625 0.559375 0.028125 0.0375
0 0.71875 0.56171875 0.009375 0.0109375
4 0.70078125 0.5640625 0.028125 0.0390625
4 0.67265625 0.5671875 0.028125 0.0421875
7 0.64140625 0.56875 0.03125 0.040625
23 0.28828125 0.4984375 0.03125 0.04375
14 0.25859375 0.50078125 0.03125 0.0421875
11 0.22734375 0.50078125 0.028125 0.04375
0 0.20546875 0.503125 0.0125 0.009375
8 0.18515625 0.50390625 0.0359375 0.04375
2 0.153125 0.50625 0.01875 0.046875
7 0.12265625 0.50703125 0.03125 0.0484375