36 0.48203125 0.4859375 0.06875 0.18125
36 0.7239507953125 0.191169809375 0.7384797015625 0.2757943109375 0.7721255874999999 0.26203008437499997 0.7572143421875001 0.18199365781250001 0.756832003125 0.18250344375 0.7239507953125 0.191169809375
9 0.748938725 0.197878328125 0.7468617578125001 0.1876403484375 0.7298054515625 0.19250758437499998 0.7317565421875 0.2039204140625 0.748938725 0.197878328125
9 0.749631046875 0.20064761718750002 0.7314418500000001 0.2056826890625 0.7341482015625 0.21692768281250002 0.7518338906250001 0.21113735 0.749631046875 0.20064761718750002
7 0.7517080140625 0.21189261093749998 0.7342111390625 0.21843820468750003 0.736099290625 0.22901185625 0.753973796875 0.22364111250000002 0.7517080140625 0.21189261093749998
0 0.7468617578125001 0.2303545421875 0.7462953125 0.22666215625000002 0.742141378125 0.2276691703125 0.74327426875 0.23236857031249997 0.7468617578125001 0.2303545421875
16 0.754036734375 0.22985103437499999 0.7368545515625 0.23522177812499998 0.7384280125 0.2462989359375 0.7560507640624999 0.2414317 0.754036734375 0.22985103437499999
10 0.75642839375 0.2430261390625 0.7383650734375 0.24856471875000002 0.7406308562499999 0.2591383703125 0.757435409375 0.2523410234375 0.75642839375 0.2430261390625
21 0.7576871625 0.2539354625 0.7398755953125 0.26115239843750004 0.74239313125 0.271474296875 0.759512375 0.26115239843750004 0.7576871625 0.2539354625
7 0.46171875 0.028125 0.0390625 0.028125
7 0.48515625 0.55859375 0.0359375 0.025
2 0.4828125 0.53828125 0.0375 0.0140625
2 0.48359375 0.515625 0.0375 0.01875
6 0.48046875 0.4953125 0.0375 0.0203125
0 0.4796875 0.4796875 0.009375 0.009375
28 0.478125 0.4625 0.034375 0.021875
28 0.47734375 0.44140625 0.0359375 0.021875
22 0.47578125 0.41875 0.034375 0.025