36 0.45 0.2984375 0.08125 0.2453125
36 0.46484375 0.77109375 0.065625 0.1796875
36 0.82421875 0.70390625 0.0375 0.065625
36 0.828125 0.9484375 0.028125 0.0671875
3 0.45390625 0.39765625 0.0515625 0.03125
3 0.4515625 0.36484375 0.0453125 0.01875
0 0.45078125 0.33984375 0.04375 0.0296875
4 0.4515625 0.3078125 0.046875 0.03125
0 0.44765625 0.28828125 0.00625 0.0125
14 0.44765625 0.2671875 0.0453125 0.0296875
16 0.44609375 0.2390625 0.046875 0.0328125
22 0.4453125 0.20703125 0.046875 0.0328125
7 0.47109375 0.8453125 0.0390625 0.021875
7 0.46953125 0.82109375 0.0390625 0.021875
6 0.46875 0.8 0.0390625 0.021875
9 0.46953125 0.77578125 0.0390625 0.021875
0 0.46640625 0.7609375 0.009375 0.009375
11 0.46640625 0.7453125 0.040625 0.025
21 0.46484375 0.72109375 0.040625 0.0234375
23 0.4640625 0.69609375 0.040625 0.025