3 0.025 0.54296875 0.028125 0.04375
9 0.27265625 0.2203125 0.0125 0.0203125
2 0.28515625 0.21953125 0.009375 0.0203125
2 0.29453125 0.2203125 0.00625 0.003125
20 0.30390625 0.21875 0.0125 0.0203125
17 0.31796875 0.21796875 0.0125 0.0203125
13 0.33203125 0.21796875 0.0125 0.0203125
36 0.56875 0.47265625 0.1875 0.06875
6 0.64609375 0.47265625 0.021875 0.0390625
8 0.6203125 0.4734375 0.021875 0.0375
4 0.59609375 0.47265625 0.0234375 0.0375
5 0.571875 0.4734375 0.021875 0.0375
0 0.55703125 0.475 0.009375 0.009375
12 0.53984375 0.47421875 0.025 0.0359375
21 0.51640625 0.475 0.021875 0.0375
23 0.49296875 0.475 0.025 0.0375
4 0.6453125 0.17578125 0.0109375 0.01875
36 0.65859375 0.06953125 0.04375 0.0171875
24 0.67734375 0.0703125 0.00625 0.009375
30 0.6703125 0.0703125 0.00625 0.009375
17 0.6640625 0.07109375 0.00625 0.009375
0 0.659375 0.07109375 0.003125 0.003125
1 0.6546875 0.07109375 0.00625 0.009375
1 0.64140625 0.071875 0.00625 0.009375
3 0.64765625 0.071875 0.00625 0.009375
6 0.97734375 0.16796875 0.0125 0.01875
1 0.96640625 0.16796875 0.009375 0.0171875