36 0.5734375 0.6078125 0.05625 0.15625
22 0.53359375 0.97890625 0.034375 0.01875
6 0.5765625 0.6734375 0.0359375 0.01875
7 0.57578125 0.65078125 0.034375 0.01875
2 0.57421875 0.6328125 0.0328125 0.0125
8 0.5734375 0.61328125 0.034375 0.021875
0 0.571875 0.59921875 0.009375 0.00625
10 0.57109375 0.58671875 0.03125 0.01875
30 0.5703125 0.56484375 0.03125 0.01875
22 0.56953125 0.54453125 0.034375 0.01875
2 0.54921875 0.275 0.034375 0.015625
8 0.546875 0.2515625 0.0359375 0.025
7 0.54453125 0.2265625 0.034375 0.021875
3 0.54296875 0.2046875 0.0359375 0.025
0 0.5421875 0.18984375 0.00625 0.0125
12 0.556826896875 0.1588914359375 0.5206136875 0.1673996796875 0.5241233375000001 0.18718134375 0.559698428125 0.1799493375 0.556826896875 0.1588914359375
32 0.554433953125 0.13315400156249999 0.5193374515625 0.14208765625 0.52125180625 0.1631455578125 0.5569864265625 0.1576152 0.554433953125 0.13315400156249999
22 0.5525195984375 0.1116706890625 0.5158278015625 0.11847698437500001 0.5193374515625 0.141874653125 0.5563483078125 0.13187746718749999 0.5525195984375 0.1116706890625