36 0.5078125 0.2078125 0.0734375 0.1875
36 0.72265625 0.053125 0.0421875 0.09375
36 0.43203125 0.75546875 0.0609375 0.153125
6 0.4375 0.9859375 0.034375 0.021875
36 0.73984375 0.640625 0.0296875 0.06875
14 0.73671875 0.66875 0.0171875 0.0125
16 0.73671875 0.6578125 0.0125 0.009375
20 0.7375 0.64765625 0.0140625 0.0109375
0 0.73828125 0.6390625 0.003125 0.003125
5 0.73828125 0.6328125 0.015625 0.0109375
5 0.73828125 0.621875 0.015625 0.0109375
6 0.73828125 0.6109375 0.015625 0.009375
7 0.7125 0.39296875 0.01875 0.0109375
1 0.71328125 0.38203125 0.01875 0.009375
5 0.71328125 0.37109375 0.01875 0.0109375
9 0.7140625 0.35859375 0.0171875 0.009375
0 0.7140625 0.35234375 0.003125 0.0046875
13 0.7140625 0.34375 0.01875 0.0125
14 0.71796875 0.090625 0.0203125 0.0125
25 0.71875 0.0765625 0.0203125 0.0140625
17 0.71953125 0.06171875 0.021875 0.0140625
0 0.7203125 0.0515625 0.00625 0.00625
4 0.72109375 0.0421875 0.01875 0.0125
6 0.7203125 0.02734375 0.01875 0.0140625
1 0.721875 0.0125 0.01875 0.0140625
22 0.50546875 0.12734375 0.0375 0.0234375
17 0.50546875 0.15390625 0.0359375 0.025
25 0.50390625 0.17734375 0.0359375 0.025
0 0.5046875 0.19453125 0.00625 0.009375
7 0.50546875 0.21171875 0.0390625 0.021875
6 0.50546875 0.2359375 0.0390625 0.021875
2 0.5046875 0.26015625 0.040625 0.009375
3 0.5046875 0.28359375 0.040625 0.01875
32 0.45086731875 0.8039488625000001 0.41244550625 0.80523230625 0.4149177921875 0.8266208703125001 0.450302409375 0.8190114765625 0.45086731875 0.8039488625000001
23 0.4476838859375 0.7811824875 0.41198194218750006 0.7852833578125 0.4136816484375 0.8064662890625 0.4484481859375 0.8007078 0.4476838859375 0.7811824875
12 0.4465262734375 0.761503078125 0.4109003234375 0.7655400640625001 0.41105483906250007 0.78487206875 0.4476755953125 0.7807588515624999 0.4465262734375 0.761503078125
0 0.4265625 0.7578125 0.009375 0.009375
7 0.4439216453125 0.7314051578125 0.409200625 0.7353081703125001 0.40858255468750004 0.7523778859375 0.44520331406249997 0.75176089375 0.4439216453125 0.7314051578125
7 0.4424746296875 0.7097963953125 0.4056467140625 0.71659318125 0.40672834062499996 0.734279865625 0.44319458125000005 0.72831574375 0.4424746296875 0.7097963953125
3 0.43842298749999997 0.68664415 0.40209280156249994 0.69047444375 0.4058012203125 0.7155648765625 0.44319458125000005 0.7073385156249999 0.43842298749999997 0.68664415