0 0.28515625 0.571875 0.1984375 0.071875
36 0.728125 0.496875 0.203125 0.078125
1 0.3625 0.5734375 0.028125 0.0390625
2 0.31328125 0.57421875 0.01875 0.0375
8 0.3375 0.57265625 0.0265625 0.034375
8 0.2890625 0.5734375 0.025 0.0375
0 0.271875 0.57421875 0.009375 0.00625
30 0.2546875 0.57421875 0.021875 0.040625
11 0.2328125 0.5734375 0.025 0.0375
22 0.20859375 0.57421875 0.0265625 0.0390625
36 0.89609375 0.15234375 0.065625 0.028125
7 0.8140625 0.5 0.028125 0.040625
5 0.78515625 0.4984375 0.028125 0.040625
2 0.7609375 0.50078125 0.009375 0.0390625
3 0.73203125 0.5 0.028125 0.0375
0 0.71328125 0.49921875 0.009375 0.009375
12 0.6984375 0.4984375 0.025 0.0375
22 0.6734375 0.4984375 0.025 0.0375
22 0.64765625 0.49765625 0.021875 0.0375
4 0.09375 0.16875 0.009375 0.0125
2 0.08671875 0.16953125 0.00625 0.0140625
9 0.078125 0.16875 0.00625 0.0125
5 0.0703125 0.16953125 0.0078125 0.0125
33 0.06015625 0.1703125 0.00625 0.0125
10 0.053125 0.1703125 0.0078125 0.0125
0 0.06484375 0.16953125 0.0046875 0.003125
5 0.7640625 0.1609375 0.009375 0.0125
0 0.77109375 0.159375 0.003125 0.0046875
23 0.77890625 0.16015625 0.009375 0.0140625
32 0.78828125 0.15859375 0.00625 0.0125
13 0.79765625 0.15859375 0.009375 0.0125
23 0.8671875 0.153125 0.009375 0.015625
21 0.87578125 0.15234375 0.009375 0.015625
10 0.884375 0.15234375 0.009375 0.015625
0 0.88984375 0.1515625 0.003125 0.003125
5 0.896875 0.1515625 0.0078125 0.0125
8 0.90546875 0.1515625 0.009375 0.0140625
1 0.9140625 0.1515625 0.009375 0.0125
8 0.92265625 0.15078125 0.009375 0.0125