36 0.414302271875 0.5360745875 0.42327531250000006 0.6029245921874999 0.5784142937500001 0.58235970625 0.573385478125 0.5210423937499999 0.414302271875 0.5360745875
5 0.4199556828125 0.5584655984375 0.424739671875 0.5943790250000001 0.4459692171875 0.5897293046875001 0.4434446171875 0.5551147296875001 0.4199556828125 0.5584655984375
17 0.444201553125 0.5555603984374999 0.44849380781250003 0.5900737296874999 0.47167418124999994 0.5861989640624999 0.4669692484375 0.551756596875 0.444201553125 0.5555603984374999
24 0.46830395625000004 0.5524399984375 0.472592209375 0.58628506875 0.49473979218749997 0.5825825109375 0.4898053546875 0.550809434375 0.46830395625000004 0.5524399984375
0 0.49921875 0.5671875 0.009375 0.00625
8 0.5032992203125 0.549216690625 0.5068084953125 0.5824660578125 0.528345059375 0.5795965296875 0.5236150562499999 0.5472766171875 0.5032992203125 0.549216690625
1 0.526487021875 0.5468935359375 0.529381328125 0.5801104171875 0.550182546875 0.577206565625 0.5475219250000001 0.5451432281249999 0.526487021875 0.5468935359375
5 0.5494689171875 0.5441719953125 0.55364940625 0.57750905 0.5745312484375 0.57551265625 0.5698550046874999 0.540908446875 0.5494689171875 0.5441719953125
36 0.160606021875 0.2629257546875 0.1640432359375 0.29754926249999997 0.2526007421875 0.2913455046875 0.24984480312500001 0.2600509984375 0.160606021875 0.2629257546875
7 0.2421875 0.2796875 0.0125 0.01875
5 0.2296875 0.2796875 0.0140625 0.015625
7 0.19765625 0.28046875 0.0140625 0.01875
37 0.171875 0.28203125 0.015625 0.01875
36 0.2864613734375 0.1259960328125 0.2885944484375 0.143971275 0.339794859375 0.1406545953125 0.33574303437499997 0.124209375 0.2864613734375 0.1259960328125
4 0.2171875 0.28046875 0.0125 0.0171875
0 0.2078125 0.28125 0.00625 0.0046875
16 0.5265625 0.28125 0.0125 0.0203125
5 0.48203125 0.28203125 0.0125 0.021875
14 0.50078125 0.2828125 0.0125 0.0203125
0 0.490625 0.2828125 0.0046875 0.00625
26 0.5125 0.28203125 0.0125 0.0203125
3 0.91875 0.24296875 0.0125 0.01875