36 0.2515625 0.584375 0.2125 0.06875
36 0.7703125 0.60078125 0.171875 0.0546875
36 0.3953125 0.290625 0.1 0.04375
36 0.47578125 0.17578125 0.040625 0.01875
36 0.03359375 0.15390625 0.04375 0.01875
6 0.3359375 0.584375 0.0234375 0.0375
1 0.309375 0.58671875 0.0265625 0.0390625
9 0.2828125 0.58671875 0.0234375 0.0390625
5 0.25625 0.58671875 0.0265625 0.040625
0 0.23828125 0.58828125 0.009375 0.009375
14 0.22109375 0.58828125 0.0265625 0.040625
19 0.1921875 0.590625 0.021875 0.040625
23 0.16484375 0.58984375 0.028125 0.0421875
8 0.83046875 0.59375 0.01875 0.0359375
2 0.8140625 0.59609375 0.009375 0.0359375
2 0.7953125 0.59609375 0.0109375 0.0328125
6 0.778125 0.59609375 0.01875 0.034375
0 0.76328125 0.59765625 0.00625 0.00625
30 0.7484375 0.5984375 0.0171875 0.0328125
12 0.7296875 0.59921875 0.0203125 0.0328125
23 0.70859375 0.6 0.021875 0.034375
5 0.434375 0.29296875 0.0125 0.01875
5 0.41015625 0.29296875 0.0125 0.01875
5 0.396875 0.2921875 0.0125 0.01875
3 0.42265625 0.29296875 0.0125 0.01875
0 0.38828125 0.2921875 0.0046875 0.00625
33 0.37890625 0.29140625 0.009375 0.01875
14 0.36640625 0.290625 0.0125 0.01875
10 0.35390625 0.290625 0.0109375 0.01875
14 0.11875 0.26640625 0.009375 0.0171875
25 0.13046875 0.26640625 0.0109375 0.015625
7 0.03828125 0.15625 0.00625 0.0109375
19 0.028125 0.1546875 0.00625 0.009375
1 0.0140625 0.153125 0.00625 0.009375
20 0.02109375 0.153125 0.00625 0.009375
2 0.4921875 0.1765625 0.003125 0.009375
2 0.48203125 0.1765625 0.003125 0.0078125
6 0.4875 0.1765625 0.00625 0.0078125
7 0.4765625 0.17578125 0.00625 0.009375
0 0.47421875 0.17578125 0.003125 0.003125
33 0.4703125 0.175 0.0046875 0.009375
12 0.465625 0.175 0.0046875 0.0078125
23 0.46015625 0.175 0.00625 0.009375