0 0.43671875 0.0109375 0.009375 0.01875
7 0.43828125 0.02890625 0.0453125 0.028125
5 0.44140625 0.0609375 0.0453125 0.034375
2 0.44375 0.09296875 0.04375 0.0203125
6 0.446875 0.12265625 0.0421875 0.03125
36 0.5125 0.47421875 0.0734375 0.2015625
22 0.50859375 0.39140625 0.040625 0.0265625
20 0.509375 0.4171875 0.040625 0.025
13 0.509375 0.44375 0.0390625 0.025
0 0.5109375 0.46171875 0.00625 0.009375
6 0.5125 0.48046875 0.040625 0.021875
3 0.51328125 0.50546875 0.040625 0.025
5 0.51484375 0.5296875 0.040625 0.0265625
4 0.51640625 0.55625 0.040625 0.028125
15 0.6234375 0.865625 0.0375 0.025
25 0.6265625 0.89375 0.034375 0.025
21 0.628125 0.91875 0.0375 0.025
0 0.6296875 0.93203125 0.009375 0.0109375
3 0.6296875 0.95078125 0.0375 0.025