36 0.143632890625 0.498777003125 0.14705575625 0.5511171546875 0.2749148796875 0.53855785 0.2684056984375 0.49285594687499995 0.143632890625 0.498777003125
36 0.49609375 0.49296875 0.128125 0.0421875
36 0.7525537078125 0.3955142578125 0.7627824421875 0.4389485125 0.875763434375 0.42795912343750003 0.8683243296875001 0.38504816875 0.7525537078125 0.3955142578125
8 0.8515946937500001 0.39705360624999997 0.85613939375 0.42213547343749996 0.8710990484375 0.4199064078125 0.8652637234375 0.39618269375000004 0.8515946937500001 0.39705360624999997
9 0.8372692484375 0.39894376875000004 0.8410736515625 0.4227723515625 0.854866234375 0.42086171875 0.8510467437499999 0.3988894265625 0.8372692484375 0.39894376875000004
5 0.8214457359375 0.39968552343749997 0.8282359328125001 0.42380728124999995 0.8399065796875 0.4224539140625 0.8353444218750001 0.39801371875 0.8214457359375 0.39968552343749997
2 0.8100774296875001 0.40063496875000004 0.8164591890624999 0.42484220625 0.82218841875 0.4238868953125 0.81783845 0.39992435625 0.8100774296875001 0.40063496875000004
0 0.80625 0.41328125 0.00625 0.00625
28 0.8006507656249999 0.40095928125 0.7868581812500001 0.402073815625 0.786732259375 0.4024256484375 0.7935422828124999 0.42667323437500004 0.8023483125 0.4256383046875 0.8006507656249999 0.40095928125
26 0.77077788125 0.40322513750000005 0.775682828125 0.4277836265625 0.789416678125 0.426311453125 0.7846900906250001 0.40108379687499995 0.77077788125 0.40322513750000005
23 0.7556209359375 0.40432387500000005 0.7608788093750001 0.42885429531249997 0.7747018390625 0.42798437500000003 0.7701536171875001 0.40322513750000005 0.7556209359375 0.40432387500000005
8 0.54453125 0.4890625 0.015625 0.025
9 0.528125 0.48984375 0.015625 0.025
5 0.51328125 0.49140625 0.015625 0.0234375
7 0.49609375 0.4921875 0.0125 0.025
0 0.4875 0.49375 0.00625 0.00625
30 0.4765625 0.49375 0.0125 0.025
12 0.4609375 0.49453125 0.015625 0.025
23 0.4453125 0.49609375 0.015625 0.025
5 0.26015625 0.52109375 0.0203125 0.028125
2 0.24296875 0.521875 0.0140625 0.0265625
2 0.221875 0.52265625 0.0171875 0.0296875
0 0.209375 0.52421875 0.00625 0.00625
31 0.19453125 0.5265625 0.01875 0.025
34 0.17578125 0.52734375 0.01875 0.0265625
12 0.15625 0.52890625 0.01875 0.0265625