36 0.37291865468749996 0.49739658750000004 0.3580988734375 0.569177759375 0.532277796875 0.58858313125 0.542872625 0.515733359375 0.37291865468749996 0.49739658750000004
22 0.36898439843749997 0.52083153125 0.36240478593750003 0.5572089578125 0.388289696875 0.561271703125 0.39393730625 0.5234704390625 0.36898439843749997 0.52083153125
9 0.39509455937500004 0.523313834375 0.3889956421875 0.5596819281250001 0.41088015625 0.5630381171875001 0.418645625 0.5264733374999999 0.39509455937500004 0.523313834375
10 0.42561770625 0.5263477625 0.4120567484375 0.5630381171875001 0.4360590984375 0.5663943046875 0.44523648125 0.530182803125 0.42561770625 0.5263477625
0 0.44290189843750005 0.5434480796875001 0.44311862187499995 0.5533228421875 0.453001971875 0.5536761328125 0.4551198078125 0.5446674140625001 0.44290189843750005 0.5434480796875001
6 0.45724409843749997 0.530760746875 0.4497075 0.5672775156250001 0.4762983546875 0.571340278125 0.4821812875 0.5340689281250001 0.45724409843749997 0.530760746875
3 0.4859285015625 0.5329672390625 0.47606870468749996 0.5742874 0.50477741875 0.5758771671875 0.5111309734375 0.5363094859374999 0.4859285015625 0.5329672390625
5 0.5109354171875 0.5360011671875 0.5043067734375 0.5726976234375 0.5311329515625001 0.5774669515624999 0.536309915625 0.5396656734375 0.5109354171875 0.5360011671875
36 0.33671875 0.2296875 0.06875 0.034375
2 0.30625 0.23046875 0.00625 0.015625
3 0.3171875 0.23125 0.0109375 0.015625
3 0.328125 0.23125 0.009375 0.015625
0 0.33515625 0.23203125 0.003125 0.003125
19 0.3403791125 0.22456310937500001 0.336439134375 0.23885474375000001 0.34607544843750004 0.2407836828125 0.349416040625 0.22477348749999998 0.3403791125 0.22456310937500001
34 0.349615559375 0.22493959531250002 0.346910603125 0.24010855156250002 0.356996603125 0.24165170156250002 0.35975902187500003 0.2262201921875 0.349615559375 0.22493959531250002
16 0.3612365875 0.22593085156249998 0.356996603125 0.2404943390625 0.3670826171875 0.2425679484375 0.37132260625 0.22732933125 0.3612365875 0.22593085156249998
20 0.8130974109375 0.2738994921875 0.8082556500000001 0.2897954578125 0.8213264812500001 0.2918900796875 0.824851196875 0.2750779859375 0.8130974109375 0.2738994921875
6 0.8256589562500001 0.2754087125 0.8215467734375 0.29128374218749997 0.8321209359375 0.293323246875 0.8363065437499999 0.2771726046875 0.8256589562500001 0.2754087125
28 0.836673703125 0.276786753125 0.834250453125 0.2926066625 0.8418873437500001 0.2943154328125 0.848789921875 0.27805455 0.836673703125 0.276786753125
5 0.8548079875000001 0.27929240625 0.8502552187499999 0.2957186546875 0.8631057562500001 0.2968210859375 0.866116453125 0.27995386718750004 0.8548079875000001 0.27929240625
0 0.85 0.28671875 0.003125 0.0046875