36 0.415625 0.2515625 0.06875 0.2125
36 0.39921875 0.7703125 0.0546875 0.171875
36 0.709375 0.3953125 0.04375 0.1
36 0.82421875 0.47578125 0.01875 0.040625
36 0.84609375 0.03359375 0.01875 0.04375
6 0.415625 0.3359375 0.0375 0.0234375
1 0.41328125 0.309375 0.0390625 0.0265625
9 0.41328125 0.2828125 0.0390625 0.0234375
5 0.41328125 0.25625 0.040625 0.0265625
0 0.41171875 0.23828125 0.009375 0.009375
14 0.41171875 0.22109375 0.040625 0.0265625
19 0.409375 0.1921875 0.040625 0.021875
23 0.41015625 0.16484375 0.0421875 0.028125
8 0.40625 0.83046875 0.0359375 0.01875
2 0.40390625 0.8140625 0.0359375 0.009375
2 0.40390625 0.7953125 0.0328125 0.0109375
6 0.40390625 0.778125 0.034375 0.01875
0 0.40234375 0.76328125 0.00625 0.00625
30 0.4015625 0.7484375 0.0328125 0.0171875
12 0.40078125 0.7296875 0.0328125 0.0203125
23 0.4 0.70859375 0.034375 0.021875
5 0.70703125 0.434375 0.01875 0.0125
5 0.70703125 0.41015625 0.01875 0.0125
5 0.7078125 0.396875 0.01875 0.0125
3 0.70703125 0.42265625 0.01875 0.0125
0 0.7078125 0.38828125 0.00625 0.0046875
33 0.70859375 0.37890625 0.01875 0.009375
14 0.709375 0.36640625 0.01875 0.0125
10 0.709375 0.35390625 0.01875 0.0109375
14 0.73359375 0.11875 0.0171875 0.009375
25 0.73359375 0.13046875 0.015625 0.0109375
7 0.84375 0.03828125 0.0109375 0.00625
19 0.8453125 0.028125 0.009375 0.00625
1 0.846875 0.0140625 0.009375 0.00625
20 0.846875 0.02109375 0.009375 0.00625
2 0.8234375 0.4921875 0.009375 0.003125
2 0.8234375 0.48203125 0.0078125 0.003125
6 0.8234375 0.4875 0.0078125 0.00625
7 0.82421875 0.4765625 0.009375 0.00625
0 0.82421875 0.47421875 0.003125 0.003125
33 0.825 0.4703125 0.009375 0.0046875
12 0.825 0.465625 0.0078125 0.0046875
23 0.825 0.46015625 0.009375 0.00625