36 0.4203125 0.21015625 0.06875 0.03125
36 0.509375 0.07578125 0.0390625 0.015625
36 0.22265625 0.50390625 0.203125 0.071875
36 0.78046875 0.55078125 0.2265625 0.08125
22 0.01015625 0.15703125 0.009375 0.015625
23 0.01953125 0.15703125 0.009375 0.015625
11 0.028125 0.15703125 0.0078125 0.015625
7 0.0390625 0.1578125 0.00625 0.015625
2 0.0484375 0.15703125 0.0046875 0.0140625
0 0.034375 0.1578125 0.003125 0.003125
3 0.140625 0.51640625 0.03125 0.040625
9 0.171875 0.51484375 0.028125 0.0375
9 0.2015625 0.51328125 0.0265625 0.0375
0 0.22109375 0.51328125 0.009375 0.009375
20 0.240625 0.5125 0.0296875 0.040625
11 0.2703125 0.5109375 0.03125 0.040625
11 0.2984375 0.5109375 0.028125 0.0375
22 0.6890625 0.54921875 0.025 0.0421875
10 0.7171875 0.55 0.021875 0.0390625
17 0.74765625 0.5515625 0.0296875 0.0375
0 0.765625 0.55078125 0.0125 0.0125
3 0.7875 0.55078125 0.025 0.0390625
5 0.8140625 0.55078125 0.0296875 0.0375
3 0.84140625 0.5515625 0.028125 0.04375
7 0.871875 0.5515625 0.0265625 0.040625
9 0.44609375 0.21171875 0.0078125 0.0125
9 0.428125 0.2109375 0.0078125 0.0125
5 0.4375 0.2109375 0.009375 0.0140625
7 0.4203125 0.21171875 0.009375 0.015625
0 0.41484375 0.21171875 0.003125 0.003125
24 0.40859375 0.2109375 0.0078125 0.0140625
23 0.40078125 0.2109375 0.009375 0.015625
14 0.3921875 0.2109375 0.009375 0.015625
6 0.52265625 0.0765625 0.003125 0.0078125
3 0.50859375 0.07578125 0.003125 0.0078125
5 0.51328125 0.0765625 0.0046875 0.00625
10 0.49765625 0.07578125 0.003125 0.00625
11 0.50234375 0.07578125 0.003125 0.00625
22 0.49296875 0.075 0.0046875 0.0078125