36 0.41171875 0.3421875 0.059375 0.140625
36 0.4871882921875 0.53963198125 0.44326564843750005 0.5565241234375 0.460680490625 0.664982278125 0.5055236859375001 0.6539624890625 0.4871882921875 0.53963198125
2 0.49216640937499995 0.639080540625 0.465832178125 0.64707051875 0.47141987656250006 0.6562320640625 0.494845221875 0.651365 0.49216640937499995 0.639080540625
2 0.4914952765625 0.6256578625 0.46798128906249997 0.6310377093749999 0.46884094374999996 0.6413445078125 0.4896873390625 0.6359048031250001 0.4914952765625 0.6256578625
9 0.48711242656250003 0.6082802953125 0.4638901125 0.6132873015625 0.465366684375 0.6275930484375001 0.48979708593750004 0.6215131046875 0.48711242656250003 0.6082802953125
8 0.48474219218750003 0.5919944125 0.4616081578125 0.5988027453125 0.4638901125 0.6125720140625 0.48724665937499995 0.606849721875 0.48474219218750003 0.5919944125
0 0.47552004999999997 0.589199825 0.4693936765625 0.591292228125 0.4715414015625 0.596478059375 0.47610531875 0.595405121875 0.47552004999999997 0.589199825
15 0.48222706249999997 0.571314459375 0.458118103125 0.578238228125 0.459728896875 0.5896828296875001 0.4860385625 0.5870005093749999 0.48222706249999997 0.571314459375
15 0.4811790921875 0.5567826 0.45476227812500003 0.5650054359375 0.4569100046875 0.574840621875 0.48214579999999996 0.5707277109375 0.4811790921875 0.5567826
23 0.47845436875 0.5436480343750001 0.45274878281250003 0.551414959375 0.457044240625 0.564647784375 0.47986384531250004 0.55624315625 0.47845436875 0.5436480343750001
2 0.4078125 0.403125 0.03125 0.009375
8 0.4078125 0.384375 0.03125 0.0171875
8 0.409375 0.34609375 0.028125 0.0171875
3 0.40859375 0.365625 0.03125 0.015625
0 0.409375 0.334375 0.00625 0.00625
34 0.409375 0.3234375 0.03125 0.01875
11 0.41015625 0.303125 0.03125 0.0171875
22 0.41015625 0.28515625 0.0296875 0.0171875
2 0.6296875 0.190625 0.01875 0.009375