36 0.47890625 0.2328125 0.06875 0.1875
36 0.51953125 0.71328125 0.0625 0.159375
1 0.47109375 0.1578125 0.0375 0.025
4 0.471875 0.1875 0.040625 0.028125
2 0.471875 0.215625 0.0375 0.021875
0 0.47265625 0.23359375 0.009375 0.0140625
17 0.47265625 0.25390625 0.04375 0.028125
29 0.47578125 0.28203125 0.0375 0.028125
15 0.4765625 0.309375 0.0359375 0.028125
10 0.5171875 0.77265625 0.0375 0.015625
30 0.51875 0.7515625 0.034375 0.01875
22 0.51640625 0.73203125 0.0359375 0.021875
0 0.515625 0.715625 0.009375 0.009375
9 0.5140625 0.6984375 0.0375 0.021875
6 0.51328125 0.67734375 0.034375 0.021875
2 0.5125 0.653125 0.0359375 0.01875
5 0.7359375 0.6265625 0.015625 0.009375
9 0.7359375 0.63671875 0.015625 0.009375
2 0.73671875 0.64609375 0.015625 0.00625