36 0.31484375 0.26484375 0.071875 0.178125
33 0.3140625 0.33359375 0.0390625 0.0265625
12 0.31328125 0.3078125 0.0390625 0.025
28 0.3125 0.28046875 0.0375 0.025
0 0.31015625 0.2625 0.00625 0.009375
7 0.3109375 0.24375 0.0375 0.0265625
7 0.31015625 0.21640625 0.0375 0.021875
9 0.30859375 0.1921875 0.0375 0.028125
36 0.2390625 0.6625 0.06875 0.1828125
5 0.23125 0.590625 0.0390625 0.028125
1 0.23203125 0.61796875 0.0390625 0.028125
6 0.2328125 0.64453125 0.0390625 0.0265625
0 0.23359375 0.66171875 0.009375 0.009375
16 0.2328125 0.68046875 0.0390625 0.028125
22 0.23515625 0.7078125 0.040625 0.0265625
13 0.23515625 0.734375 0.040625 0.0265625
36 0.45703125 0.8515625 0.025 0.08125
5 0.4578125 0.8859375 0.01875 0.0125
8 0.45625 0.8734375 0.01875 0.0125
3 0.4546875 0.8609375 0.0171875 0.0140625
0 0.45546875 0.85234375 0.003125 0.0046875
19 0.4546875 0.84375 0.01875 0.0125
27 0.453125 0.83203125 0.01875 0.0140625
17 0.45234375 0.81875 0.01875 0.0140625