36 0.41411436406249996 0.2763214703125 0.3552480953125 0.0775924734375 0.2816721828125 0.10772865312499999 0.3453551921875 0.30708659374999997 0.41411436406249996 0.2763214703125
36 0.5197170343749999 0.5930409953125 0.4825081875 0.473140275 0.42606960781250003 0.49836329375000005 0.4662042390625 0.6163673281250001 0.5197170343749999 0.5930409953125
36 0.6030734734375 0.7542673359375 0.5774277734375 0.6706964875 0.5346388484375 0.68977678125 0.5608807015624999 0.775535490625 0.6030734734375 0.7542673359375
22 0.3385702515625 0.0880382609375 0.29636280312499996 0.10547069375 0.3072845734375 0.1345957484375 0.347161696875 0.1159692515625 0.3385702515625 0.0880382609375
36 0.3474269859375 0.11622743437500001 0.30550661875 0.13527307187499998 0.31566638125 0.159656834375 0.3563054859375 0.143739659375 0.3474269859375 0.11622743437500001
23 0.35571231718749996 0.143273803125 0.315158403125 0.1643981265625 0.3232862109375 0.1911525125 0.36443331093750003 0.170832740625 0.35571231718749996 0.143273803125
0 0.347141284375 0.17870073749999998 0.34004985468750004 0.1837019234375 0.3443677609375 0.1935231828125 0.35097160625 0.1891205640625 0.347141284375 0.17870073749999998
3 0.365140453125 0.18212915000000002 0.325318175 0.19995775 0.3344619734375 0.2256962078125 0.3735771125 0.2063923640625 0.365140453125 0.18212915000000002
7 0.37399718593750003 0.20688991093750003 0.3344619734375 0.22671218125 0.3403038484375 0.2385653890625 0.3824669125 0.23348542343749998 0.37399718593750003 0.20688991093750003
6 0.3814254140625 0.2362218875 0.3418278078125 0.2477093 0.35097160625 0.2720930625 0.38932475312500003 0.2558372375 0.3814254140625 0.2362218875
4 0.39085355 0.2571733 0.34970163906249996 0.274125059375 0.3578294546875 0.296476825 0.396436603125 0.278189003125 0.39085355 0.2571733
4 0.46285022187499997 0.48611510156250004 0.4307381078125 0.501053525 0.4393739359375 0.5200186718750001 0.47137722968749995 0.503762821875 0.46285022187499997 0.48611510156250004
4 0.4714212546875 0.5055427734375 0.4393739359375 0.520695971875 0.44572379843750004 0.537629146875 0.4772191046875 0.521034646875 0.4714212546875 0.5055427734375
9 0.47742097812499995 0.5230657734374999 0.44572379843750004 0.539999815625 0.45283564062500004 0.5562556421875 0.48433093749999995 0.5389837953125001 0.47742097812499995 0.5230657734374999
0 0.46796875 0.5515625 0.009375 0.0078125
23 0.484580784375 0.5483767984375 0.45458490625000003 0.5638311921875 0.46058302656250005 0.5808695125 0.49109520624999997 0.5653959140625 0.484580784375 0.5483767984375
26 0.489530475 0.566612928125 0.459800665625 0.581564953125 0.46632035937499994 0.5963431109374999 0.4951374171875 0.582434259375 0.489530475 0.566612928125
21 0.49558113125 0.5831867843749999 0.4647556296875 0.5968647328125 0.47231847968749996 0.6118167328124999 0.497484509375 0.5923443109375001 0.49558113125 0.5831867843749999
5 0.5645934421875001 0.6773467828124999 0.5383758203125 0.690895575 0.5439314343749999 0.7044985703125 0.5700933078125 0.6910302625 0.5645934421875001 0.6773467828124999
6 0.5697063671875 0.6921932015625 0.5438304203125 0.704094528125 0.5478708625 0.7176975328124999 0.5733256640625 0.70584540625 0.5697063671875 0.6921932015625
5 0.5733422234375001 0.7058276671875 0.54827490625 0.7178322015624999 0.552416365625 0.73089649375 0.577366109375 0.7174281578125 0.5733422234375001 0.7058276671875
0 0.566524990625 0.7235524718749999 0.561810396875 0.7260478828125 0.5630225296875 0.7306271015625 0.5677700546875 0.7282028234375 0.566524990625 0.7235524718749999
14 0.5774325640625 0.722189025 0.553325459375 0.7365531546875 0.5579719734374999 0.749752134375 0.5826186875 0.73547569375 0.5774325640625 0.722189025
26 0.5831702015625 0.7350328296875001 0.557132425 0.7494361281249999 0.5619705765624999 0.7605786734375 0.5873708718749999 0.746357253125 0.5831702015625 0.7350328296875001
11 0.5866333609375001 0.747071434375 0.5615307421875 0.7616049515625 0.5653792765625 0.7721610484375 0.589899903125 0.7599922265625 0.5866333609375001 0.747071434375