31 0.353125 0.01640625 0.04375 0.0328125
36 0.50078125 0.528125 0.06875 0.1859375
36 0.5078125 0.90859375 0.0640625 0.159375
23 0.4984375 0.4546875 0.0375 0.025
21 0.4984375 0.478125 0.0375 0.025
28 0.5 0.5015625 0.0390625 0.021875
0 0.50078125 0.51796875 0.0109375 0.009375
5 0.5015625 0.534375 0.0375 0.025
3 0.50234375 0.55859375 0.0359375 0.0234375
5 0.503125 0.58203125 0.0375 0.025
2 0.5046875 0.60546875 0.040625 0.009375
22 0.50546875 0.83828125 0.034375 0.01875
17 0.50625 0.86015625 0.034375 0.021875
22 0.50625 0.88046875 0.034375 0.01875
0 0.50703125 0.8953125 0.0078125 0.00625
3 0.5078125 0.909375 0.0375 0.01875
5 0.50859375 0.93125 0.034375 0.0203125
9 0.50859375 0.9515625 0.034375 0.01875
8 0.509375 0.9703125 0.0328125 0.0203125