36 0.27265625 0.540625 0.215625 0.0640625
4 0.35546875 0.53359375 0.028125 0.034375
8 0.33046875 0.5359375 0.0265625 0.034375
8 0.30625 0.5390625 0.025 0.03125
8 0.28046875 0.540625 0.0265625 0.0375
0 0.26328125 0.54375 0.009375 0.0109375
26 0.24609375 0.54765625 0.03125 0.0359375
13 0.21875 0.54921875 0.0265625 0.034375
10 0.19296875 0.5515625 0.0265625 0.034375
36 0.3203125 0.27265625 0.065625 0.028125
36 0.47890625 0.23515625 0.0578125 0.021875
23 0.0453125 0.23359375 0.0125 0.015625
14 0.03359375 0.23359375 0.0125 0.015625
11 0.02421875 0.23359375 0.0109375 0.0140625
8 0.00859375 0.23359375 0.009375 0.0125
0 0.01640625 0.23359375 0.003125 0.003125
1 0.34453125 0.2734375 0.009375 0.0140625
6 0.3359375 0.27421875 0.009375 0.0140625
4 0.328125 0.27421875 0.009375 0.0125
4 0.3203125 0.27421875 0.009375 0.0125
0 0.31484375 0.27421875 0.0046875 0.003125
24 0.309375 0.275 0.0078125 0.0140625
23 0.2953100015625 0.26817826875 0.2980460390625 0.28150346718749997 0.306204865625 0.2805436203125 0.3038052140625 0.2672256890625 0.2953100015625 0.26817826875
14 0.2882874359375 0.268425503125 0.2900471828125 0.28186340625 0.29788605625 0.28102354375 0.2959663390625 0.2678255984375 0.2882874359375 0.268425503125
4 0.4552219953125 0.24229520624999998 0.46316349375000004 0.24275336250000001 0.460567246875 0.23026855 0.45293117812499994 0.23095578906249997 0.4552219953125 0.24229520624999998
8 0.4617890015625 0.23061216718750002 0.46362167187500003 0.2433260625 0.4717158859375 0.24286790156250002 0.46835601875000005 0.229466771875 0.4617890015625 0.23061216718750002
2 0.47110500312500003 0.2304976328125 0.473243103125 0.24286790156250002 0.4784356296875 0.24286790156250002 0.4759920875 0.22935223749999997 0.47110500312500003 0.2304976328125
0 0.478436790625 0.23488562812499997 0.47965739531249996 0.23805724687500002 0.4817954953125 0.2379427 0.4816427703125 0.23507921718749997 0.478436790625 0.23488562812499997
23 0.48101354687500003 0.23011862968750002 0.48301726250000004 0.24218066718750003 0.49095878125 0.2418370453125 0.48958429062500003 0.229466771875 0.48101354687500003 0.23011862968750002
10 0.4906334375 0.229732115625 0.49156966406249997 0.24218066718750003 0.49935843750000003 0.2418370453125 0.4952349625 0.229466771875 0.4906334375 0.229732115625
25 0.4976765703125 0.22921676406249997 0.499816615625 0.2414934359375 0.50714723125 0.2414934359375 0.503787365625 0.229466771875 0.4976765703125 0.22921676406249997