6 0.390625 0.046875 0.05 0.04375
36 0.421875 0.5203125 0.06875 0.203125
6 0.4296875 0.5984375 0.04375 0.025
7 0.428125 0.57109375 0.04375 0.021875
5 0.42734375 0.54921875 0.040625 0.025
1 0.4234375 0.5265625 0.0390625 0.0234375
0 0.42265625 0.50859375 0.009375 0.009375
27 0.42109375 0.49296875 0.040625 0.028125
24 0.41796875 0.46484375 0.0390625 0.025
14 0.4171875 0.440625 0.0421875 0.0265625
1 0.45 0.86328125 0.0375 0.0265625
4 0.4515625 0.89140625 0.0390625 0.028125
2 0.45390625 0.91640625 0.040625 0.015625
0 0.45390625 0.9359375 0.015625 0.0125
17 0.45703125 0.953125 0.0375 0.025
29 0.45859375 0.97734375 0.0375 0.0234375