6 0.0328125 0.6015625 0.040625 0.05
22 0.398862490625 0.6130999953125 0.40248851406249997 0.6608426265625 0.4331082609375 0.6557057625 0.42746778125 0.6079631296875 0.398862490625 0.6130999953125
16 0.42787067187499994 0.6112869843750001 0.4335111515625 0.65540359375 0.46211644218750003 0.6499645593750001 0.45244704843749994 0.60615011875 0.42787067187499994 0.6112869843750001
15 0.45849041875 0.6043371078125 0.4641308984375 0.6532884140624999 0.489110165625 0.6487558859375 0.48346968593749995 0.6031284328125001 0.45849041875 0.6043371078125
0 0.49453125 0.6265625 0.0078125 0.009375
6 0.50361425625 0.649058053125 0.5281906328125 0.6433168515625 0.5245646093749999 0.5995024109375 0.50361425625 0.602221928125 0.50361425625 0.649058053125
6 0.587012778125 0.5904373546875 0.5878185609375 0.6351583 0.6136036093749999 0.631532278125 0.607157346875 0.5886243437500001 0.587012778125 0.5904373546875
8 0.551961225 0.5970850624999999 0.5620335109375 0.640597334375 0.5829838640625 0.6345539625 0.578149165625 0.592854703125 0.551961225 0.5970850624999999
1 0.52738485 0.5985959046875 0.5334282203125 0.6457341999999999 0.5563930296875 0.6384821546875 0.5511554421875 0.5940633765625 0.52738485 0.5985959046875
36 0.6107833703125001 0.5701920609375 0.39523646874999996 0.5943655453125001 0.3960422515625 0.6759510546875 0.6220643296875 0.6478493796875 0.6107833703125001 0.5701920609375
14 0.895274709375 0.5725174734375 0.87433533125 0.5760073703125 0.8727067140625 0.5760073703125 0.874102671875 0.6156176921875 0.898066625 0.6135237546875 0.895274709375 0.5725174734375
24 0.8957400281250001 0.5709470203125 0.8978339656250001 0.6121277953125001 0.9176100437500001 0.6100338578125 0.9157487671875 0.5709470203125 0.8957400281250001 0.5709470203125
27 0.93878208125 0.5714705046875 0.917377384375 0.5718194953125 0.9185406828125 0.57269196875 0.9199366421875 0.6114298171875 0.94413325625 0.6074164359374999 0.93878208125 0.5714705046875
0 0.940643359375 0.5854300890624999 0.940643359375 0.59328235625 0.94994975 0.5929333671875 0.9478558109374999 0.5842086265625 0.940643359375 0.5854300890624999
1 0.9473904921875 0.5707725265625 0.9520436875 0.6095103734375 0.970191146875 0.6063694671875 0.9690278484375 0.567108134375 0.9473904921875 0.5707725265625
5 0.9669339109375 0.5686785875 0.9736810437500001 0.6056714875 0.9918285046875001 0.6042755296875 0.9901998859375001 0.5651886921875 0.9669339109375 0.5686785875