36 0.596338128125 0.469138409375 0.5843097359375 0.368116640625 0.542354971875 0.38331028125 0.558232375 0.48097679531250004 0.596338128125 0.469138409375
36 0.5918888390625 0.6224412109374999 0.5498711984375 0.6336451203125 0.5670187796875 0.7486463718749999 0.6086175671875 0.738922015625 0.5918888390625 0.6224412109374999
22 0.641936846875 0.97074201875 0.6248349546874999 0.9781235078125 0.6279405046875 0.9871685640625 0.6448269484375 0.9787695859375001 0.641936846875 0.97074201875
32 0.6449232625 0.9785635812500001 0.626775921875 0.98742699375 0.630075571875 0.9935001078125 0.64686496875 0.9853595578125001 0.6449232625 0.9785635812500001
12 0.64641646875 0.9861007234375 0.6284257484375 0.994016965625 0.6312401546874999 1 0.648223646875 0.9907865843750001 0.64641646875 0.9861007234375
3 0.597160040625 0.7210903203125001 0.5730590015625 0.7270669890625 0.5755886328125001 0.7414256109374999 0.5996866890625 0.7364621390625 0.597160040625 0.7210903203125001
2 0.5962397140625 0.7096141828125 0.571144340625 0.7162443984375 0.5723962203124999 0.7229116546875 0.597775246875 0.7168505109375001 0.5962397140625 0.7096141828125
1 0.59298774375 0.691269734375 0.569323421875 0.696394153125 0.571144340625 0.7104863109374999 0.5949300640625 0.7051828125 0.59298774375 0.691269734375
5 0.5903611515625 0.6744261953125 0.5678472953125 0.6817651812500001 0.56921298125 0.6950996828125 0.5927710921875 0.690099240625 0.5903611515625 0.6744261953125
0 0.5803550890625 0.6724249828125 0.575718 0.6738923031249999 0.576742265625 0.67843815625 0.58106694375 0.6766198078125 0.5803550890625 0.6724249828125
34 0.5874844078125 0.6540805328125 0.5636544296875 0.6601032015625 0.565930571875 0.67525605 0.5899439125 0.669346440625 0.5874844078125 0.6540805328125
11 0.585733346875 0.639571740625 0.5622887421875 0.645253409375 0.5644510781250001 0.65934555625 0.5872125375 0.6538905359375 0.585733346875 0.639571740625
22 0.5828566046875 0.62489618125 0.558874521875 0.6314643078125 0.5619473171875 0.6451018765625001 0.585619234375 0.6382830921875 0.5828566046875 0.62489618125
5 0.5865715828125 0.45621171718750003 0.563480490625 0.46488249843749996 0.5661784265625001 0.47758336406249996 0.58901451875 0.4692444125 0.5865715828125 0.45621171718750003
2 0.58519494375 0.44759890156250004 0.561167975 0.4561586796875 0.5629023625 0.46206008593750003 0.5859311640625 0.45333626718750003 0.58519494375 0.44759890156250004
1 0.584967615625 0.4438427 0.5826551 0.43396425625 0.582335771875 0.4334795296875 0.5593372328124999 0.44076370625 0.5616497484375 0.45282310312499996 0.584967615625 0.4438427
7 0.5807473421875 0.41879538437499997 0.5571210718749999 0.4272930953125 0.559240878125 0.43794129374999996 0.583233228125 0.43088526250000003 0.5807473421875 0.41879538437499997
0 0.57051439375 0.4170297828125 0.5653112328125001 0.419210734375 0.566467490625 0.42459897812499997 0.5713815859375 0.422418025 0.57051439375 0.4170297828125
10 0.5778881703125001 0.40354646406250005 0.5531705265625 0.40958887343750006 0.5562538781249999 0.42382923124999994 0.5798608109375001 0.41138495624999993 0.5778881703125001 0.40354646406250005
11 0.5751348921874999 0.38759157499999997 0.5514361390625 0.3962465625 0.5533632359375 0.409332290625 0.5788972625000001 0.399838725 0.5751348921874999 0.38759157499999997
23 0.5730169875 0.37262504218750003 0.5491989578124999 0.38164761875000003 0.5516078281250001 0.3955030984375 0.5763710171875001 0.38729244375 0.5730169875 0.37262504218750003
1 0.4551815859375 0.07640251718749999 0.4206773453125 0.0899801125 0.42542691718750003 0.11378739375 0.4609090125 0.097233896875 0.4551815859375 0.07640251718749999
1 0.4614155875 0.09909623281249999 0.42668415312499997 0.11564734531250001 0.4322718859375 0.13685070625 0.4676142875 0.12345911093749999 0.4614155875 0.09909623281249999
5 0.46663543281250003 0.1238649109375 0.4319925015625 0.1394546203125 0.43813900625 0.1623319328125 0.4718050890625 0.1461504234375 0.46663543281250003 0.1238649109375
0 0.4591127140625 0.15416048437500002 0.451968640625 0.15805406718749998 0.45350526562500004 0.166051821875 0.461188396875 0.1625179328125 0.4591127140625 0.15416048437500002
24 0.472770503125 0.16023804375 0.44121052812499995 0.1746550859375 0.4468367625 0.19401873281249998 0.4780464578125 0.18073273125 0.472770503125 0.16023804375
29 0.4776704875 0.18263796875 0.4456753765625 0.1969388765625 0.4517262390625 0.2167265484375 0.4833605515625 0.20230981718750002 0.4776704875 0.18263796875
26 0.4823371390625 0.2048823390625 0.45236316875 0.21785726875 0.4571401625 0.23891699531250002 0.487288303125 0.2235108890625 0.4823371390625 0.2048823390625