36 0.54765625 0.4703125 0.08125 0.178125
7 0.5570147984375 0.532655790625 0.5150845000000001 0.5250691484375001 0.5138955640625 0.5424916890625 0.5521112625 0.557199009375 0.5570147984375 0.532655790625
7 0.5583956203125 0.5071940859375 0.5178020578125 0.5044788890625 0.5161035843749999 0.5191862328125 0.555338359375 0.5329884890625001 0.5583956203125 0.5071940859375
7 0.5601972390625 0.48597998750000004 0.520179921875 0.47913703124999996 0.5179719015625001 0.4952019609375 0.5572066890625 0.5096830328124999 0.5601972390625 0.48597998750000004
4 0.563644884375 0.4605204578125 0.52255779375 0.45651036874999995 0.520519615625 0.4773269 0.5587353078125 0.484567425 0.563644884375 0.4605204578125
0 0.54375 0.45546875 0.0078125 0.00625
16 0.5655013078125 0.42904964999999995 0.5276532140625 0.4255118453125 0.5247658046875 0.445875853125 0.5633211984375001 0.45334265 0.5655013078125 0.42904964999999995
25 0.5676229359375 0.40818698124999997 0.530031078125 0.4026589109375 0.5268039812499999 0.4216653109375 0.5656990671875 0.4286795859375 0.5676229359375 0.40818698124999997
22 0.571866190625 0.3844954734375 0.5315597000000001 0.3782221390625 0.52884215 0.399943725 0.5672276843749999 0.4085418484375 0.571866190625 0.3844954734375
8 0.8481935234375 0.381701321875 0.8317566046874999 0.3790670390625 0.8313114390624999 0.3879626828125 0.8476208171874999 0.3910896359375 0.8481935234375 0.381701321875
6 0.8488886203125 0.37209635625000004 0.8324041281250001 0.369470525 0.831999428125 0.3790670390625 0.8484302156249999 0.38160095156249996 0.8488886203125 0.37209635625000004
5 0.84964690625 0.361985865625 0.8330111765625 0.3590114 0.83208036875 0.368554003125 0.8494824328125 0.37200443125 0.84964690625 0.361985865625
0 0.84332785 0.3577731625 0.8397291828125001 0.3568009703125 0.8394458921875 0.3601974859375 0.8427239546875 0.3609522671875 0.84332785 0.3577731625
26 0.85002605 0.3472414015625 0.8338838046875001 0.3460597453125 0.833236284375 0.35587191093750004 0.8505169406249999 0.3574353875 0.85002605 0.3472414015625
24 0.8512898609375 0.3383104703125 0.8344099093749999 0.335816275 0.8339242734375001 0.34465800625 0.85063835 0.347623221875 0.8512898609375 0.3383104703125
22 0.8516690046875001 0.3288740125 0.834814609375 0.326489325 0.83376239375 0.335816275 0.8516905687499999 0.338565840625 0.8516690046875001 0.3288740125
1 0.8850526656250001 0.0983966046875 0.8683721312499999 0.0973312890625 0.86813255 0.1079914484375 0.88600544375 0.1079276140625 0.8850526656250001 0.0983966046875
3 0.8858008453125 0.08901941875 0.8686117156250001 0.08877763125 0.8682283828124999 0.0979057890625 0.885957525 0.098607959375 0.8858008453125 0.08901941875
3 0.8863993890625 0.08014101875 0.8688513 0.079138803125 0.8686117156250001 0.08954363125 0.886436690625 0.0892244625 0.8863993890625 0.08014101875
6 0.8859504812500001 0.070763834375 0.869282546875 0.0698191421875 0.8691867140625 0.079138803125 0.8868200249999999 0.0797771328125 0.8859504812500001 0.070763834375
0 0.8807132234375 0.06637451250000001 0.8757033734374999 0.0666274765625 0.87608670625 0.0704574734375 0.8806866984375 0.071031975 0.8807132234375 0.06637451250000001
28 0.8875964765625 0.0570970859375 0.8680367171875 0.0579461484375 0.8687075484375001 0.06503164375 0.8879221078124999 0.0670104765625 0.8875964765625 0.0570970859375