2 0.396875 0.43125 0.0625 0.165625
2 0.66796875 0.15390625 0.028125 0.0734375
2 0.40546875 0.49921875 0.034375 0.01875
2 0.40234375 0.48046875 0.034375 0.025
2 0.3984375 0.459375 0.0359375 0.015625
2 0.39609375 0.43984375 0.0359375 0.01875
0 0.39375 0.4265625 0.009375 0.0078125
6 0.66875 0.18046875 0.015625 0.009375
7 0.66796875 0.1703125 0.0125 0.009375
7 0.66796875 0.16171875 0.0140625 0.0078125
9 0.66796875 0.153125 0.0125 0.0078125
0 0.6671875 0.1484375 0.003125 0.003125
13 0.673469971875 0.1367871359375 0.6590071546875 0.14031699375 0.661131128125 0.1473025875 0.6748661609375 0.1452257890625 0.673469971875 0.1367871359375
23 0.6726736015625 0.128080140625 0.6591487546875 0.13106578124999999 0.6598567453124999 0.139372990625 0.6735917765625 0.1363521890625 0.6726736015625 0.128080140625
22 0.6718772296875 0.11916077968750001 0.6584407640625 0.1227585859375 0.65999834375 0.13106578124999999 0.6728837859375 0.1272897828125 0.6718772296875 0.11916077968750001
34 0.4065262328125 0.39927119375000003 0.3704669125 0.40717497187499996 0.3755644609375 0.42756536250000005 0.40983124374999996 0.4185029703125 0.4065262328125 0.39927119375000003
29 0.403181471875 0.376972790625 0.36805975156250004 0.3862181640625 0.3718829 0.40623096875 0.406716078125 0.3971685625 0.403181471875 0.376972790625
22 0.39765379375 0.35638775625 0.3629622140625 0.3639397546875 0.367918153125 0.38470775625 0.4027513328125 0.37677815937500003 0.39765379375 0.35638775625