36 0.484375 0.53671875 0.06875 0.1765625
6 0.484375 0.60625 0.040625 0.025
7 0.4828125 0.4 0.0046875 0.0125
3 0.4828125 0.58125 0.040625 0.0265625
7 0.48125 0.55390625 0.0375 0.028125
0 0.48046875 0.53671875 0.009375 0.0078125
8 0.4796875 0.51953125 0.0359375 0.028125
31 0.47890625 0.490625 0.0375 0.028125
17 0.47734375 0.465625 0.0375 0.028125
36 0.88359375 0.20078125 0.01875 0.0484375
3 0.88125 0.1828125 0.009375 0.0078125
9 0.88203125 0.18984375 0.009375 0.00625
9 0.88203125 0.196875 0.0109375 0.00625
20 0.88203125 0.20625 0.0109375 0.00625
14 0.9046875 0.27578125 0.009375 0.00625