36 0.38475821250000003 0.5742416890625 0.341486215625 0.589252225 0.3474669125 0.608015378125 0.3882762609375 0.594881215625 0.38475821250000003 0.5742416890625
3 0.381047575 0.5551240109375 0.3379681796875 0.5662673593750001 0.34430064374999997 0.5864377937499999 0.3833509984375 0.5742416890625 0.381047575 0.5551240109375
1 0.3751117515625 0.5287425765625 0.332691090625 0.5414061859375 0.34007900156250004 0.5639219578125 0.3791293546875 0.5531331328125 0.3751117515625 0.5287425765625
7 0.3695716515625 0.5071098 0.3291730546875 0.52029763125 0.33515372656250003 0.5343699796875 0.3759630875 0.528271959375 0.3695716515625 0.5071098
0 0.3505770171875 0.502888771875 0.3432452453125 0.5052870953124999 0.3458085234375 0.5137485828125 0.352852209375 0.51158126875 0.3505770171875 0.502888771875
31 0.3620775078125 0.4743242625 0.321787759375 0.4877408359375 0.32702536875 0.5086915125 0.3673007828125 0.4966508765625 0.3620775078125 0.4743242625
19 0.355982921875 0.4521128859375 0.3152859 0.46582686406249996 0.321787759375 0.4879816234375 0.3640498515625 0.47256962500000005 0.355982921875 0.4521128859375
22 0.3523261703125 0.426109321875 0.3107707171875 0.439337478125 0.317272578125 0.46293712343750004 0.35881224375 0.4508964890625 0.3523261703125 0.426109321875
36 0.40233065312500005 0.5965060484375 0.3702580125 0.41876813437499993 0.296090146875 0.43280009062499997 0.3326729125 0.617219853125 0.40233065312500005 0.5965060484375
7 0.7458688484375 0.7113902859375 0.733059334375 0.7131152046875 0.7342192546875 0.7189446515625 0.7468000078125 0.7178739375000001 0.7458688484375 0.7113902859375
9 0.744965578125 0.7053684859375 0.7335946828125001 0.70764265625 0.7340408109375 0.713472103125 0.7460862078125 0.7108548015625 0.744965578125 0.7053684859375
3 0.7469728453125 0.8132256312499999 0.7343408234375 0.8170406828125 0.7357684265625 0.8251305421874999 0.7483491734375 0.8203718015625 0.7469728453125 0.8132256312499999
9 0.7482775687500001 0.8201841562500001 0.736303775 0.8247736265625001 0.7369283515625 0.830841009375 0.7495983265625 0.8271529921875 0.7482775687500001 0.8201841562500001
3 0.7494819296874999 0.8275441359375 0.7358576484375 0.83119791875 0.7372852453125 0.8384549890624999 0.7499552265625 0.8333393484375 0.7494819296874999 0.8275441359375
0 0.7443633984375 0.8363761109375 0.7417465046875 0.8371463374999999 0.7421926328125 0.8396446687499999 0.7447801671875001 0.8385739531249999 0.7443633984375 0.8363761109375