36 0.5048956375 0.47755798125000004 0.3128431328125 0.5162401812499999 0.3392973015625 0.586067125 0.52929950625 0.5455396390625 0.5048956375 0.47755798125000004
22 0.3223992140625 0.5323460953125 0.3367621265625 0.5778469046875 0.36500348437499996 0.5695812296875 0.353982446875 0.5267030625 0.3223992140625 0.5323460953125
19 0.37740214375000003 0.5189539890625 0.358804153125 0.5267030625 0.3564900265625 0.5271162546875 0.36569227187500003 0.5716476390625 0.3925560515625 0.563898584375 0.37740214375000003 0.5189539890625
25 0.3789589703125 0.5224675078125001 0.39117842812500003 0.5644152046875 0.4173533734375 0.556149528125 0.402888253125 0.513787946875 0.3789589703125 0.5224675078125001
0 0.4089066328125 0.53208334375 0.4126293578125 0.54360029375 0.42054009687500005 0.5404592984375001 0.4177480765625 0.5317343218749999 0.4089066328125 0.53208334375
1 0.41356086718749996 0.5143048968749999 0.42705480781249994 0.556513309375 0.450321734375 0.5491842890624999 0.43682695625 0.5073043687500001 0.41356086718749996 0.5143048968749999
5 0.43816166093750003 0.509201540625 0.4526484328125 0.5502312953125 0.47219266718749997 0.541855315625 0.4610245234375 0.5034653640625 0.43816166093750003 0.509201540625
8 0.46171561250000004 0.504098184375 0.47451936562499997 0.5432513078125 0.49452895156250004 0.5376673140625 0.4828955203125 0.49892836406249996 0.46171561250000004 0.504098184375
9 0.48754885468750003 0.50032438125 0.49685565 0.53696930625 0.518261165625 0.531036325 0.506162446875 0.495438371875 0.48754885468750003 0.50032438125
36 0.3114924765625 0.1225189671875 0.24688888437499998 0.12486833906249999 0.2524886125 0.150041775 0.31892791875 0.1478831203125 0.3114924765625 0.1225189671875
36 0.385831328125 0.130331609375 0.3896845640625 0.156517715625 0.4470094890625 0.1539993 0.44173269218750005 0.1270161578125 0.385831328125 0.130331609375
2 0.3043543984375 0.1287128625 0.3090939390625 0.143385928125 0.3162895203125 0.14356580937500002 0.30933379843750003 0.12737593281249998 0.3043543984375 0.1287128625