6 0.3984375 0.0328125 0.05 0.040625
22 0.3869000046875 0.398862490625 0.3391573734375 0.40248851406249997 0.3442942375 0.4331082609375 0.3920368703125 0.42746778125 0.3869000046875 0.398862490625
16 0.388713015625 0.42787067187499994 0.34459640625 0.4335111515625 0.350035440625 0.46211644218750003 0.39384988125 0.45244704843749994 0.388713015625 0.42787067187499994
15 0.3956628921875 0.45849041875 0.3467115859375 0.4641308984375 0.3512441140625 0.489110165625 0.3968715671875 0.48346968593749995 0.3956628921875 0.45849041875
0 0.3734375 0.49453125 0.009375 0.0078125
6 0.350941946875 0.50361425625 0.35668314843750004 0.5281906328125 0.40049758906250005 0.5245646093749999 0.397778071875 0.50361425625 0.350941946875 0.50361425625
6 0.4095626453125 0.587012778125 0.3648417 0.5878185609375 0.368467721875 0.6136036093749999 0.41137565625 0.607157346875 0.4095626453125 0.587012778125
8 0.4029149375 0.551961225 0.359402665625 0.5620335109375 0.36544603750000004 0.5829838640625 0.407145296875 0.578149165625 0.4029149375 0.551961225
1 0.4014040953125 0.52738485 0.35426579999999996 0.5334282203125 0.3615178453125 0.5563930296875 0.40593662343750003 0.5511554421875 0.4014040953125 0.52738485
36 0.42980793906250003 0.6107833703125001 0.4056344546875 0.39523646874999996 0.3240489453125 0.3960422515625 0.3521506203125 0.6220643296875 0.42980793906250003 0.6107833703125001
14 0.4274825265625 0.895274709375 0.42399262968749996 0.87433533125 0.42399262968749996 0.8727067140625 0.3843823078125 0.874102671875 0.3864762453125 0.898066625 0.4274825265625 0.895274709375
24 0.4290529796875 0.8957400281250001 0.3878722046875 0.8978339656250001 0.3899661421875 0.9176100437500001 0.4290529796875 0.9157487671875 0.4290529796875 0.8957400281250001
27 0.42852949531249995 0.93878208125 0.4281805046875 0.917377384375 0.42730803125000005 0.9185406828125 0.3885701828125 0.9199366421875 0.3925835640625 0.94413325625 0.42852949531249995 0.93878208125
0 0.4145699109375 0.940643359375 0.40671764374999997 0.940643359375 0.4070666328125 0.94994975 0.41579137343749994 0.9478558109374999 0.4145699109375 0.940643359375
1 0.4292274734375 0.9473904921875 0.3904896265625 0.9520436875 0.3936305328125 0.970191146875 0.432891865625 0.9690278484375 0.4292274734375 0.9473904921875
5 0.4313214125 0.9669339109375 0.3943285125 0.9736810437500001 0.3957244703125 0.9918285046875001 0.43481130781250005 0.9901998859375001 0.4313214125 0.9669339109375