36 0.43046875 0.48203125 0.071875 0.2125
7 0.43671875 0.56328125 0.046875 0.0328125
7 0.4328125 0.5390625 0.040625 0.025
7 0.4296875 0.484375 0.040625 0.021875
6 0.43125 0.5140625 0.040625 0.025
0 0.4265625 0.46796875 0.0125 0.0125
20 0.42578125 0.45078125 0.0421875 0.028125
15 0.421875 0.421875 0.0421875 0.025
23 0.42109375 0.396875 0.0421875 0.03125
36 0.8359375 0.23046875 0.028125 0.075
5 0.83671875 0.259375 0.015625 0.009375
5 0.8375 0.25 0.015625 0.009375
7 0.83671875 0.23984375 0.015625 0.00625
4 0.83671875 0.23125 0.015625 0.009375
0 0.8359375 0.225 0.003125 0.003125
22 0.8359375 0.21875 0.015625 0.009375
11 0.83515625 0.209375 0.015625 0.009375
23 0.83515625 0.2 0.015625 0.0109375