36 0.28820444375 0.6165732546875 0.104806678125 0.69291009375 0.14058305625 0.76729408125 0.3353441265625 0.6742565375 0.28820444375 0.6165732546875
36 0.6150711953125 0.45814088125 0.5053661703125 0.491435865625 0.521209703125 0.5404780687499999 0.63267016875 0.5027663625 0.6150711953125 0.45814088125
36 0.7424544859375 0.409115659375 0.6806994265624999 0.435583740625 0.6971998859374999 0.4744825875 0.7617296046875001 0.441170584375 0.7424544859375 0.409115659375
36 0.8475488171875 0.3358983 0.8640941828125 0.3711963921875 0.9177292874999999 0.34668379374999997 0.8984541687500001 0.314000315625 0.8475488171875 0.3358983
5 0.275359103125 0.6406105328125 0.30402507968750003 0.6779637796875 0.3249762890625 0.66853586875 0.2973207203125 0.6301956359374999 0.275359103125 0.6406105328125
7 0.25100952187500003 0.6520501515625 0.27874559374999996 0.6869576625 0.2971357625 0.6782466312500001 0.2719702921875 0.6408618140625 0.25100952187500003 0.6520501515625
1 0.22760212812499997 0.66266513125 0.25841959062500003 0.7011130765625 0.2772937265625 0.68840950625 0.2511603234375 0.653928353125 0.22760212812499997 0.66266513125
4 0.20201730156250003 0.6696056968749999 0.2342220203125 0.7105500484375 0.25503195624999997 0.69966125625 0.225994853125 0.6622764140624999 0.20201730156250003 0.6696056968749999
0 0.20528344999999998 0.6924687328125 0.2138960515625 0.7018389921875 0.2177676515625 0.69966125625 0.21292811875 0.6891354109375001 0.20528344999999998 0.6924687328125
16 0.16826710625000002 0.6904273890625 0.19840955 0.7276091140625 0.2182515859375 0.7167203359375 0.1911502828125 0.6796984640625 0.16826710625000002 0.6904273890625
20 0.1394161328125 0.7030837125 0.169372446875 0.7406756546875 0.19357005 0.7279720859375 0.1650168796875 0.6880465359375 0.1394161328125 0.7030837125
22 0.11383130625 0.7120656203125 0.14372299375 0.7577347718749999 0.170340346875 0.74466820625 0.1388834765625 0.70075011875 0.11383130625 0.7120656203125
21 0.512668559375 0.5040024296875 0.52423315625 0.5358855890625 0.5446211046875 0.530470103125 0.529967278125 0.4981365140625 0.512668559375 0.5040024296875
19 0.5325157609375 0.4992514609375 0.5441963578125 0.5288773156250001 0.5618234281250001 0.52266544375 0.5482314625 0.492402471875 0.5325157609375 0.4992514609375
4 0.549695359375 0.4927152265625 0.5618234281250001 0.523939675 0.577963890625 0.518364915625 0.5643719109374999 0.488739059375 0.549695359375 0.4927152265625
4 0.5730792625000001 0.48810194375 0.5853969875 0.515816453125 0.598564190625 0.5107195359375 0.5864588625 0.483005028125 0.5730792625000001 0.48810194375
4 0.6034439390624999 0.478382271875 0.6151294 0.5037112718750001 0.629570859375 0.5008442484375 0.6172531218749999 0.47153694843749994 0.6034439390624999 0.478382271875
0 0.57047814375 0.500240028125 0.572866896875 0.5065782859375 0.5794504984375 0.5038705453125 0.5764772546875 0.49765867343750003 0.57047814375 0.500240028125
8 0.5881554546875 0.4828613203125 0.600475559375 0.5094453046874999 0.6144922578124999 0.5043483796875 0.6021745484375 0.4775895421875 0.5881554546875 0.4828613203125
9 0.685417709375 0.4461180359375 0.6967022171874999 0.46850025781250004 0.7069840046875 0.46351062499999995 0.6953917875 0.44166208749999997 0.685417709375 0.4461180359375
9 0.6952821015625 0.44186614375 0.7073872109375 0.463359425 0.71716499375 0.4592013953125 0.7044639578125 0.43773086250000004 0.6952821015625 0.44186614375
2 0.7076409359375 0.4375292125 0.7193826343749999 0.45852099218750003 0.7251283374999999 0.45549697343749995 0.712628909375 0.43379963593750004 0.7076409359375 0.4375292125
0 0.7191810249999999 0.44241809375 0.7228098921874999 0.447256521875 0.7265395640625 0.44491290625 0.72361631875 0.4402256765625 0.7191810249999999 0.44241809375
20 0.71965961875 0.432426940625 0.7311764546874999 0.4536825609375 0.7408534390625 0.449448934375 0.7287572046874999 0.4276760015625 0.71965961875 0.432426940625
30 0.729183859375 0.4280049734375 0.742970275 0.44831492656250005 0.7490183921875 0.44498850624999997 0.7381317890625 0.4239715734375 0.729183859375 0.4280049734375
32 0.738333384375 0.42351797187500007 0.750328828125 0.44559330937499997 0.7593001796875 0.4409816828125 0.7474055546875 0.41973794687500005 0.738333384375 0.42351797187500007
6 0.8539881546875 0.34632791875 0.86143696875 0.36408196875 0.8728466656249999 0.3592794765625 0.864464034375 0.34129197499999997 0.8539881546875 0.34632791875
2 0.8677239421875 0.34164124375 0.8759901515624999 0.359890703125 0.8813457250000001 0.35718384687500004 0.8727302359375001 0.3380612046875 0.8677239421875 0.34164124375
3 0.8755961359375 0.33896156093749996 0.8844892109375 0.35796970781250004 0.892173284375 0.3535164921875 0.8813457250000001 0.33404457656250003 0.8755961359375 0.33896156093749996
0 0.8862355828125 0.342514421875 0.8884476859375001 0.34705495625 0.89065975625 0.346007140625 0.888796940625 0.3417285671875 0.8862355828125 0.342514421875
20 0.8846322000000001 0.33375600156249996 0.8943853718750001 0.352468675 0.9011380453125 0.34871400625 0.8904268984374999 0.330464540625 0.8846322000000001 0.33375600156249996
33 0.8914419875 0.3306130234375 0.9017201734375 0.3484520453125 0.9061443312499999 0.3460944640625 0.8970631578124999 0.3281069578125 0.8914419875 0.3306130234375
32 0.897204115625 0.3275682625 0.9070757468749999 0.3468803203125 0.9131298625 0.3432129671875 0.9026515734375 0.32470155156249997 0.897204115625 0.3275682625