36 0.5016725546874999 0.40399321875 0.44242277812499997 0.41920543125 0.46384949999999997 0.5606238 0.5189467875 0.5443062984375 0.5016725546874999 0.40399321875
22 0.48736527343749997 0.409612990625 0.4558873 0.416276915625 0.459186875 0.43622216875 0.49100418437500004 0.4293120015625 0.48736527343749997 0.409612990625
11 0.4906049515625 0.429640084375 0.45871550625 0.43794970624999996 0.46260429218750004 0.45522511562499995 0.4934788671875 0.4473726578125 0.4906049515625 0.429640084375
13 0.4932555953125 0.449078146875 0.46119018437500003 0.4564815015625 0.46555033906250004 0.473285771875 0.49512865 0.46574740625000005 0.4932555953125 0.449078146875
0 0.48125 0.475 0.00625 0.00625
3 0.49516995 0.4746028765625 0.46496112968750003 0.48192347656249995 0.4679071765625 0.49857069843749996 0.4979568578125 0.49087527499999994 0.49516995 0.4746028765625
8 0.49678978906250004 0.49364825156250003 0.467200128125 0.5013975640624999 0.47191379843750003 0.517259540625 0.5009029046875 0.5089359296875 0.49678978906250004 0.49364825156250003
8 0.5027883734375 0.5260543046875 0.50019585 0.5116057609375 0.500176725 0.51210459375 0.47097106406250006 0.5197723375 0.4741527875 0.535320196875 0.5027883734375 0.5260543046875
1 0.5026801109375 0.5285974953125 0.472620853125 0.5367336296875 0.47568473906250003 0.552752665625 0.5047916859375 0.5441149609375 0.5026801109375 0.5285974953125
3 0.731158246875 0.5992773765625 0.7204408640625 0.602183625 0.72140785625 0.607186875 0.731987859375 0.604230409375 0.731158246875 0.5992773765625
6 0.73066068125 0.5944438828124999 0.7208390390625 0.5963464953125001 0.7215784984375 0.6011223218749999 0.731475925 0.5989997375 0.73066068125 0.5944438828124999
23 0.73899261875 0.6753332640624999 0.7291188703125 0.6769044171874999 0.7300709859375 0.6829951109375 0.7394969265625 0.6807534000000001 0.73899261875 0.6753332640624999
19 0.7394288734375001 0.6810971171875 0.7298170875000001 0.682572146875 0.73042009375 0.6876477249999999 0.74029035625 0.6854060140625 0.7394288734375001 0.6810971171875
26 0.739785809375 0.6858033828125001 0.73035661875 0.6873939499999999 0.730959625 0.6933577515625 0.7398460359375 0.69103144375 0.739785809375 0.6858033828125001
0 0.7362957703124999 0.6917787546875 0.7346416609374999 0.6918578609375 0.734800346875 0.6943533515625 0.7361650484375 0.6938457953125 0.7362957703124999 0.6917787546875
8 0.7400398046875 0.6929978640625001 0.7309270234375 0.6947493578125 0.731615190625 0.6996844 0.740463103125 0.6973697375000001 0.7400398046875 0.6929978640625001
23 0.718997715625 0.2167970890625 0.7071998484375001 0.22089901875 0.7084016921875 0.2265825234375 0.719916165625 0.22405077968749998 0.718997715625 0.2167970890625
6 0.8068032515624999 0.216014221875 0.8012777921875 0.21632801875 0.8016327515624999 0.219675815625 0.8071482718749999 0.21891164375 0.8068032515624999 0.216014221875
8 0.8067350109375001 0.2117832875 0.8013870078125 0.21250716406249998 0.80152353125 0.216000515625 0.8069844453125 0.215272734375 0.8067350109375001 0.2117832875
4 0.8069056124999999 0.2080982796875 0.80174196875 0.208941034375 0.80152353125 0.21214327187499998 0.8072847953125001 0.2113791015625 0.8069056124999999 0.2080982796875