36 0.4390625 0.45 0.0921875 0.196875
2 0.4296875 0.53515625 0.0546875 0.01875
6 0.43515625 0.51015625 0.04375 0.028125
6 0.43828125 0.45546875 0.04375 0.021875
9 0.4375 0.4828125 0.04375 0.025
0 0.43984375 0.4375 0.0125 0.0125
27 0.4421875 0.421875 0.04375 0.021875
27 0.44296875 0.396875 0.04375 0.025
22 0.44609375 0.36953125 0.04375 0.028125
36 0.7125 0.32578125 0.0375 0.0890625
3 0.709375 0.36328125 0.0171875 0.0109375
3 0.7109375 0.32890625 0.0171875 0.009375
4 0.7109375 0.33984375 0.01875 0.0125
5 0.71015625 0.353125 0.01875 0.0125
0 0.71171875 0.321875 0.003125 0.003125
17 0.71171875 0.3140625 0.01875 0.0109375
26 0.7125 0.30234375 0.01875 0.009375
14 0.71328125 0.29140625 0.01875 0.009375