36 0.4328125 0.55546875 0.209375 0.0734375
36 0.91328125 0.5375 0.1734375 0.084375
17 0.0421875 0.24921875 0.015625 0.01875
32 0.028125 0.25 0.015625 0.01875
22 0.0125 0.25078125 0.015625 0.021875
23 0.35625 0.56328125 0.025 0.04375
21 0.38046875 0.5609375 0.0265625 0.040625
28 0.403125 0.5578125 0.025 0.04375
0 0.42265625 0.55859375 0.0109375 0.009375
2 0.43828125 0.55625 0.0171875 0.0421875
1 0.4625 0.5546875 0.028125 0.0375
9 0.4859375 0.553125 0.0234375 0.0375
7 0.50859375 0.55078125 0.0234375 0.0390625
26 0.9828125 0.540625 0.03125 0.0375
16 0.9635083375000001 0.5239008484375 0.9430137515625001 0.52506825 0.9476834046875 0.56242500625 0.97180994375 0.560673921875 0.9635083375000001 0.5239008484375
14 0.9406789265625 0.5254573875 0.9165954218750001 0.527245009375 0.9258916906250001 0.5651489390625 0.9497587968750001 0.5637869734375001 0.9406789265625 0.5254573875
0 0.9119265234375 0.5438779578124999 0.915514690625 0.5525021109375 0.9209626234374999 0.5515292890625 0.9194060609375001 0.5431629375 0.9119265234375 0.5438779578124999
3 0.8844967499999999 0.5296524109375 0.8900910390625001 0.5715696265625 0.9157741234375001 0.567483740625 0.9072131015625 0.5285704453125 0.8844967499999999 0.5296524109375
3 0.8343146328125 0.53790963125 0.8428756546875 0.5750718234375001 0.8672616281250001 0.5707913640625 0.8610354140625001 0.532461771875 0.8343146328125 0.53790963125
9 0.8836054093750001 0.530126978125 0.8605165828124999 0.5330454765625 0.8596932296875 0.532278665625 0.8693370203124999 0.5727370203125 0.8911287343750001 0.5676783000000001 0.8836054093750001 0.530126978125