36 0.20078125 0.66875 0.178125 0.0625
8 0.278125 0.671875 0.025 0.0375
6 0.2546875 0.671875 0.025 0.0375
5 0.23046875 0.67109375 0.021875 0.034375
3 0.20703125 0.6734375 0.021875 0.0375
0 0.1921875 0.671875 0.009375 0.0125
12 0.1734375 0.6703125 0.0234375 0.0375
26 0.1515625 0.67109375 0.0234375 0.040625
14 0.12890625 0.6703125 0.025 0.0375
36 0.696875 0.6125 0.171875 0.06875
7 0.7671875 0.61015625 0.0265625 0.0375
6 0.7453125 0.6109375 0.01875 0.034375
8 0.72421875 0.6109375 0.025 0.0375
4 0.70234375 0.61015625 0.021875 0.040625
0 0.68828125 0.6125 0.0078125 0.009375
11 0.67109375 0.61328125 0.021875 0.0375
15 0.6484375 0.6125 0.021875 0.0390625
23 0.62578125 0.61328125 0.021875 0.0390625
36 0.16796875 0.30390625 0.075 0.03125
7 0.1984375 0.30625 0.009375 0.015625
9 0.18671875 0.30625 0.009375 0.015625
1 0.175 0.30625 0.009375 0.015625
0 0.1671875 0.30546875 0.003125 0.0046875
16 0.159375 0.30625 0.0109375 0.015625
29 0.14765625 0.30546875 0.0109375 0.015625
12 0.13671875 0.30625 0.009375 0.015625