36 0.5284563906249999 0.25028976406250003 0.454798209375 0.27116315625 0.47774347187500005 0.4608331453125 0.5494838359374999 0.44612403437500003 0.5284563906249999 0.25028976406250003
22 0.510040375 0.25976577343749996 0.46860431875 0.27007156875 0.47242805312499997 0.2928333875 0.5144891203124999 0.2843401671875 0.510040375 0.25976577343749996
19 0.5146593296875001 0.2877980515625 0.47204567500000005 0.29368270937499996 0.47523212031249995 0.3155952171875 0.51550878125 0.3088006421875 0.5146593296875001 0.2877980515625
34 0.51920505625 0.3339405765625 0.5162735265625 0.3101595625 0.515614975 0.3088222609375 0.47446737499999997 0.317803459375 0.47892839687500005 0.34413244062500004 0.51920505625 0.3339405765625
0 0.49765625 0.34375 0.009375 0.009375
8 0.5190118578125 0.3459715578125 0.4788626515625 0.35293599375 0.48230401718750004 0.38113349375 0.5219433859375 0.3694128484375 0.5190118578125 0.3459715578125
2 0.523855253125 0.3887773921875 0.5234194171875 0.3782658578125 0.4830687625 0.3860595515625 0.48319621875 0.3965911515625 0.523855253125 0.3887773921875
8 0.523737965625 0.396741678125 0.4848531734375 0.406273415625 0.4865101140625 0.4285256609375 0.5265318671875 0.420542040625 0.523737965625 0.396741678125
7 0.5283569203125 0.4230750296875 0.487147403125 0.43090375312500007 0.49058877343749996 0.451966953125 0.5293359343749999 0.446361421875 0.5283569203125 0.4230750296875
36 0.590880475 0.6249834921875 0.5264145984375 0.637475071875 0.5419044765625001 0.8155599421874999 0.6061358484375 0.8045500562499999 0.590880475 0.6249834921875
22 0.576925609375 0.62909759375 0.5403010874999999 0.6366413703125 0.5434023640625 0.6583945499999999 0.57980154375 0.6529562546875 0.576925609375 0.62909759375
19 0.579169278125 0.6568375015625 0.542096559375 0.6594822078125 0.5434023640625 0.6803652734375001 0.58143379375 0.6757970921875 0.579169278125 0.6568375015625
31 0.5814129484375 0.6766905734375 0.5438920453125 0.684715909375 0.5479726703125001 0.7034236390624999 0.5833924953125 0.6986379296874999 0.5814129484375 0.6766905734375
35 0.565625 0.70703125 0.00625 0.0078125
7 0.5671875 0.721875 0.0359375 0.021875
9 0.56875 0.74609375 0.0359375 0.021875
1 0.5703125 0.76953125 0.0375 0.025
3 0.571875 0.79453125 0.0375 0.025