36 0.6616321968750001 0.5118309703125 0.648910265625 0.56225779375 0.7905821078125 0.58200816875 0.8029687640625 0.525951953125 0.6616321968750001 0.5118309703125
36 0.366433509375 0.499853646875 0.3567110640625 0.5544947890625 0.479803009375 0.5620463984375 0.48677048906250003 0.509185115625 0.366433509375 0.499853646875
36 0.1220477109375 0.4693659140625 0.1249966484375 0.5142742671875 0.21247707343750002 0.5160169203125 0.22021870468750002 0.4707072359375 0.1220477109375 0.4693659140625
22 0.1246913609375 0.48376206718750003 0.124768884375 0.507495453125 0.136242421875 0.5069719218750001 0.1367075640625 0.48323853593750005 0.1246913609375 0.48376206718750003
8 0.1380348203125 0.4830443390625 0.1370176609375 0.506913753125 0.146553096875 0.507669965625 0.149421478125 0.48416925468749994 0.1380348203125 0.4830443390625
31 0.1500530171875 0.4841346984375 0.1483361484375 0.5077863046875 0.1597321578125 0.507960815625 0.165313875 0.4846346171875 0.1500530171875 0.4841346984375
0 0.16640625 0.49609375 0.0046875 0.0046875
4 0.1765625 0.496875 0.0125 0.025
6 0.19140625 0.496875 0.015625 0.025
2 0.20703125 0.4984375 0.0078125 0.025
13 0.00616333125 0.3475835140625 0.00362750625 0.3599929703125 0.009683365624999999 0.3599929703125 0.012332801562499999 0.34813593125 0.00616333125 0.3475835140625
23 0.01320206875 0.348204578125 0.010298410937499999 0.35992196718749997 0.01692200625 0.3607029703125 0.020328425 0.3481714296875 0.01320206875 0.348204578125
23 0.3659137828125 0.5147157703125 0.3627353078125 0.541198875 0.3777006328125 0.5422422984375 0.38226969375 0.5143182765625001 0.3659137828125 0.5147157703125
12 0.3830643109375 0.5146163968749999 0.37823038124999997 0.5424907328125 0.3925997390625 0.543434784375 0.39710258125000003 0.5160076296875 0.3830643109375 0.5146163968749999
30 0.41398822968750004 0.5173977703125 0.3976985421875 0.5167021515625 0.397499890625 0.5167032453125 0.39730123281249996 0.5450236734375 0.4059758234375 0.5457192859375 0.41398822968750004 0.5173977703125
0 0.4140625 0.53203125 0.0046875 0.00625
1 0.43544294843750003 0.52037898125 0.43517806875 0.52022991875 0.4191648703125 0.5186487515625 0.4141868859375 0.5457689765625 0.4289535578125 0.5468620859375 0.43544294843750003 0.52037898125
2 0.43878528437500003 0.51982918125 0.4345236984375 0.548388528125 0.440748209375 0.5477426000000001 0.446244325 0.5199676359375001 0.43878528437500003 0.51982918125
8 0.4506237609375 0.5212572484375 0.4469065078125 0.54828915625 0.4631299828125 0.5499288234375 0.46703685625 0.52235260625 0.4506237609375 0.5212572484375
1 0.46792615 0.5221265078124999 0.4629313265625 0.5507238125 0.4767709359375 0.55221441875 0.483723853125 0.524091646875 0.46792615 0.5221265078124999
9 0.6594295015625 0.5293848640625 0.6515888296875 0.5562356703125 0.669243828125 0.558914378125 0.6781362375 0.5317376640625 0.6594295015625 0.5293848640625
2 0.6813534703124999 0.5320392609375 0.6739539484375 0.559508196875 0.6835603453125 0.561553759375 0.6917387625 0.532331484375 0.6813534703124999 0.5320392609375
5 0.6963521 0.5335843015624999 0.692258028125 0.562381721875 0.7083552296875 0.5642324671875001 0.718221259375 0.5346205609375 0.6963521 0.5335843015624999
0 0.71953125 0.55078125 0.00625 0.0078125
19 0.733112403125 0.5379054640625001 0.7204484140625 0.5626483125 0.737584146875 0.5691259140625 0.7511499359375 0.540341975 0.733112403125 0.5379054640625001
10 0.7545900671875 0.5387834546875 0.7426469796874999 0.567372578125 0.7626386640625 0.570879253125 0.7680909484375 0.54185179375 0.7545900671875 0.5387834546875
28 0.77093513125 0.54170414375 0.768858075 0.5740434624999999 0.7835922109375 0.574676609375 0.793133696875 0.5437497015625 0.77093513125 0.54170414375
23 0.739137209375 0.35171635625 0.737280471875 0.36726996875 0.7476743906250001 0.3667988828125 0.748930034375 0.3510437 0.739137209375 0.35171635625
20 0.7488177171875 0.35086604062500004 0.7483022125 0.3664848265625 0.7582775796875 0.36617076718749997 0.7585566171875 0.3509390109375 0.7488177171875 0.35086604062500004
24 0.7591959171875 0.35093145 0.757998553125 0.36664185312500003 0.766997309375 0.36611842499999997 0.7696481093750001 0.3515147828125 0.7591959171875 0.35093145
0 0.77109375 0.359375 0.003125 0.003125