36 0.18617146874999999 0.45226951875 0.1777703546875 0.5158129015624999 0.3501358109375 0.524647221875 0.352961503125 0.4596266125 0.18617146874999999 0.45226951875
22 0.1881316796875 0.4665984359375 0.18431492031250002 0.50438845 0.2073384953125 0.5053948015625 0.2111385140625 0.46832741093749997 0.1881316796875 0.4665984359375
28 0.21048838593750002 0.46932316093750004 0.2084561453125 0.5045561734375 0.22611501406249998 0.5060657078124999 0.2321503328125 0.470340128125 0.21048838593750002 0.46932316093750004
28 0.2328450921875 0.47016153593750004 0.2305856125 0.5060657078124999 0.2498091859375 0.507072059375 0.25405625781249996 0.470675575 0.2328450921875 0.47016153593750004
0 0.25625 0.4890625 0.009375 0.009375
5 0.2734375 0.48828125 0.021875 0.0359375
2 0.29375 0.490625 0.009375 0.034375
9 0.31640625 0.490625 0.0203125 0.0328125
4 0.33828125 0.4921875 0.01875 0.034375
36 0.81953125 0.57421875 0.1625 0.0625
23 0.88359375 0.578125 0.0265625 0.034375
33 0.85859375 0.5796875 0.021875 0.0359375
12 0.83671875 0.58046875 0.025 0.034375
0 0.81953125 0.58046875 0.009375 0.009375
8 0.80234375 0.58125 0.025 0.0359375
4 0.778125 0.58203125 0.0234375 0.0375
1 0.7546875 0.58203125 0.025 0.0375
22 0.52109375 0.2734375 0.009375 0.015625
23 0.53125 0.27421875 0.009375 0.015625
23 0.54296875 0.27421875 0.009375 0.015625
0 0.54921875 0.27421875 0.003125 0.003125
9 0.55703125 0.27421875 0.009375 0.015625
9 0.9671875 0.33515625 0.0125 0.015625
5 0.97890625 0.334375 0.0125 0.0171875
8 0.99140625 0.334375 0.0109375 0.015625