36 0.5104537812500001 0.4342432828125 0.47070957656249995 0.27016418125 0.4134469375 0.2927732390625 0.45528112343749993 0.4584953109375 0.5104537812500001 0.4342432828125
36 0.5756613390624999 0.95792654375 0.5309292265625001 0.864099196875 0.47551658906250005 0.8846396125 0.519833525 0.9878552453125 0.5756613390624999 0.95792654375
0 0.2870551265625 0.0314795171875 0.2823310671875 0.020332875 0.2712276421875 0.0218869875 0.2769830859375 0.03800245 0.2870551265625 0.0314795171875
23 0.3062845359375 0.023785628125 0.2591411953125 0.0487460671875 0.27381759375 0.085965075 0.31899784375 0.059489709375 0.3062845359375 0.023785628125
32 0.3189086609375 0.0613343078125 0.2743931359375 0.0871161875 0.28619180312500003 0.11819597500000001 0.329645415625 0.0909531828125 0.3189086609375 0.0613343078125
13 0.33023800312499996 0.093703859375 0.28734288750000003 0.11857966093750001 0.3020192765625 0.14927576250000002 0.34173184375 0.1243351953125 0.33023800312499996 0.093703859375
23 0.46174295 0.27744518125 0.4256262171875 0.295406271875 0.43201246875 0.315274875 0.46749164375 0.30108303125 0.46174295 0.27744518125
21 0.4670640328125 0.301567421875 0.4317759328125 0.3168517515625 0.4386352546875 0.3386125515625 0.470329984375 0.31559023750000004 0.4670640328125 0.301567421875
10 0.47529706562499996 0.3304128296875 0.43768913125 0.33766644375 0.445494559375 0.36195027031250004 0.476716234375 0.339874065625 0.47529706562499996 0.3304128296875
0 0.4665455359375 0.3594272640625 0.4657337609375 0.35087611875 0.45708441874999994 0.35311977968749997 0.45897662656250005 0.3632117625 0.4665455359375 0.3594272640625
5 0.4806327921875 0.3537140296875 0.445731078125 0.3682577546875 0.4521173296875 0.38970321406249997 0.4866503984375 0.37424987656250003 0.4806327921875 0.3537140296875
8 0.48523122812499997 0.375826753125 0.4521173296875 0.38907244531249996 0.4585035890625 0.4098871796875 0.488779140625 0.3950645671875 0.48523122812499997 0.375826753125
1 0.4899446875 0.3962826890625 0.45826706250000004 0.4102025203125 0.4627610890625 0.429440421875 0.49469233749999997 0.41524857812500005 0.4899446875 0.3962826890625
8 0.49473366093750004 0.41792175781249996 0.4627610890625 0.4303864875 0.46867427812500007 0.44804746875 0.4984767921875 0.43480173281249995 0.49473366093750004 0.41792175781249996
5 0.556990325 0.9542868671875 0.5274427203125 0.969466359375 0.5340654984375 0.9782968500000001 0.562448834375 0.9637896203125 0.556990325 0.9542868671875
5 0.5522013515624999 0.9443541796874999 0.5220025781250001 0.959689759375 0.5286253546874999 0.9700971265625 0.558191334375 0.954013021875 0.5522013515624999 0.9443541796874999
7 0.5458160515625 0.9326477984375 0.5160893875 0.9492824359375 0.5220025781250001 0.956220665625 0.552514671875 0.9432903140625 0.5458160515625 0.9326477984375
4 0.5399628609375 0.922005634375 0.509703128125 0.9369828296874999 0.5167989687500001 0.9480209437499999 0.5466014734375 0.9309907078125 0.5399628609375 0.922005634375
0 0.526544346875 0.9230803484375001 0.520865165625 0.9267471703125001 0.52381985625 0.93029284375 0.528251896875 0.9273381203125 0.526544346875 0.9230803484375001
22 0.5338561187499999 0.9040254296875 0.5009209921875 0.919064871875 0.5094896062500001 0.9318686921875001 0.540070659375 0.9153222234375 0.5338561187499999 0.9040254296875
11 0.5273752296875001 0.8902881624999999 0.49442067500000003 0.9017304656249999 0.50239834375 0.9178829859375 0.53224073125 0.903503303125 0.5273752296875001 0.8902881624999999
23 0.521725225 0.8723410875000001 0.48747715156250004 0.8830171984374999 0.4950116109375 0.9011395296875 0.52766095625 0.8899115578125001 0.521725225 0.8723410875000001