36 0.50078125 0.4765625 0.078125 0.15625
36 0.778125 0.35234375 0.025 0.06875
22 0.56171875 0.9625 0.0375 0.021875
24 0.57509798125 1 0.5785241109375 0.9794611203124999 0.5785241109375 0.9789246171875 0.5432551125 0.9724868828125001 0.541441271875 0.9942143359375001 0.57509798125 1
16 0.48984375 0.5359375 0.0375 0.021875
34 0.49140625 0.51015625 0.0375 0.021875
17 0.49375 0.48671875 0.034375 0.021875
0 0.49453125 0.47109375 0.009375 0.009375
1 0.49609375 0.4546875 0.034375 0.021875
8 0.49765625 0.43203125 0.034375 0.021875
6 0.49921875 0.409375 0.034375 0.01875
6 0.7734375 0.37890625 0.015625 0.009375
1 0.77421875 0.36875 0.015625 0.009375
5 0.775 0.3578125 0.015625 0.009375
0 0.77578125 0.35078125 0.0046875 0.0046875
28 0.7765625 0.34453125 0.015625 0.009375
6 0.7765625 0.334375 0.0140625 0.009375
20 0.77734375 0.32421875 0.015625 0.0109375
36 0.79375 0.109375 0.0296875 0.065625
5 0.79140625 0.1359375 0.015625 0.0078125
3 0.7921875 0.12734375 0.015625 0.0078125
6 0.79296875 0.11875 0.015625 0.0078125
1 0.79296875 0.1109375 0.015625 0.009375
0 0.79296875 0.1046875 0.003125 0.003125
12 0.79296875 0.0984375 0.015625 0.0078125
25 0.79375 0.08984375 0.015625 0.00625
22 0.79375 0.08203125 0.015625 0.0078125