23 0.0578125 0.484375 0.00625 0.009375
15 0.06484375 0.48515625 0.00625 0.009375
24 0.07109375 0.484375 0.00625 0.009375
1 0.08046875 0.484375 0.00625 0.009375
1 0.08671875 0.484375 0.00625 0.009375
36 0.25703125 0.49296875 0.0515625 0.01875
23 0.23671875 0.49296875 0.00625 0.009375
21 0.24296875 0.49296875 0.00625 0.009375
13 0.24921875 0.49296875 0.00625 0.009375
0 0.25390625 0.49296875 0.003125 0.003125
8 0.2578125 0.49296875 0.00625 0.009375
7 0.26484375 0.49296875 0.00625 0.009375
7 0.27734375 0.49375 0.00625 0.009375
3 0.27109375 0.49296875 0.00625 0.009375
20 0.371875 0.4390625 0.003125 0.0046875
9 0.3765625 0.43984375 0.003125 0.0046875
9 0.3796875 0.43984375 0.003125 0.0046875
3 0.4046875 0.48125 0.00625 0.009375
5 0.41171875 0.48125 0.00625 0.009375
9 0.41796875 0.48125 0.0078125 0.009375
23 0.42734375 0.48125 0.00625 0.009375
15 0.43359375 0.48125 0.00625 0.009375
20 0.440625 0.48125 0.00625 0.009375
36 0.42265625 0.4796875 0.046875 0.0171875
36 0.6109375 0.4296875 0.025 0.009375
36 0.5890625 0.48671875 0.04375 0.015625
2 0.5734375 0.4875 0.0046875 0.009375
2 0.57890625 0.4875 0.0046875 0.009375
6 0.58515625 0.4875 0.00625 0.009375
0 0.58984375 0.4875 0.003125 0.003125
14 0.59453125 0.4875 0.00625 0.009375
16 0.60078125 0.4875 0.00625 0.009375
28 0.60703125 0.4875 0.00625 0.009375
36 0.8578125 0.57421875 0.08125 0.03125
22 0.825 0.57421875 0.0125 0.0171875
12 0.8359375 0.57421875 0.009375 0.0171875
15 0.84609375 0.57421875 0.0125 0.015625
0 0.85234375 0.57421875 0.0046875 0.003125
9 0.859375 0.5734375 0.009375 0.015625
2 0.86953125 0.57421875 0.00625 0.0171875
1 0.87890625 0.5734375 0.009375 0.015625
6 0.88984375 0.5734375 0.009375 0.015625
36 0.58125 0.590625 0.071875 0.025
23 0.55078125 0.590625 0.009375 0.015625
10 0.5609375 0.590625 0.009375 0.015625
24 0.56953125 0.590625 0.009375 0.015625
0 0.5765625 0.58984375 0.003125 0.003125
3 0.58203125 0.5890625 0.009375 0.015625
3 0.590625 0.5890625 0.009375 0.015625
4 0.6 0.5890625 0.009375 0.015625
9 0.60859375 0.58828125 0.0078125 0.0140625
36 0.3234375 0.5765625 0.078125 0.03125
22 0.29140625 0.57578125 0.009375 0.015625
16 0.30234375 0.57578125 0.009375 0.015625
12 0.3125 0.57578125 0.009375 0.015625
0 0.31953125 0.57578125 0.003125 0.003125
2 0.3265625 0.575 0.00625 0.0171875
9 0.3359375 0.57578125 0.009375 0.015625
7 0.35703125 0.57578125 0.009375 0.015625
1 0.34609375 0.57578125 0.009375 0.015625
36 0.08359375 0.59140625 0.0859375 0.028125
22 0.0484375 0.590625 0.0109375 0.0171875
32 0.059375 0.590625 0.009375 0.0171875
24 0.0703125 0.58984375 0.0109375 0.0171875
0 0.07734375 0.5890625 0.003125 0.003125
3 0.1078125 0.58828125 0.009375 0.015625
7 0.08515625 0.5890625 0.009375 0.015625
7 0.09609375 0.5890625 0.009375 0.0171875
7 0.11875 0.5890625 0.009375 0.0171875