36 0.46015625 0.38828125 0.0828125 0.225
36 0.4640625 0.7625 0.103125 0.1953125
10 0.45234375 0.47734375 0.0484375 0.034375
29 0.453125 0.44453125 0.046875 0.028125
20 0.45078125 0.4140625 0.04375 0.03125
0 0.44921875 0.39296875 0.0125 0.009375
7 0.45 0.37265625 0.046875 0.03125
4 0.45 0.34140625 0.0453125 0.03125
8 0.44765625 0.31171875 0.040625 0.034375
23 0.49687727031250006 0.6658022203125 0.4582238703125 0.6611931421875 0.4560240828125 0.682562503125 0.4949917390625 0.688847609375 0.49687727031250006 0.6658022203125
12 0.49467748437500003 0.6896856234375 0.453510040625 0.682562503125 0.449424721875 0.7093789546875 0.49090642031250004 0.7139880328125 0.49467748437500003 0.6896856234375
30 0.49090642031250004 0.7148260468750001 0.449110465625 0.7144070390625 0.4469106796875 0.7290722859375001 0.48902088906249996 0.7412234921875 0.49090642031250004 0.7148260468750001
0 0.4671875 0.74296875 0.0125 0.009375
4 0.48650684687499995 0.750022640625 0.44502514687500005 0.74583256875 0.4437681265625 0.766782921875 0.484307059375 0.7789341265624999 0.48650684687499995 0.750022640625
8 0.48273578281249996 0.8074266078125 0.485249825 0.779353134375 0.485249825 0.7780961125 0.44408238125 0.77097299375 0.439054296875 0.798627459375 0.48273578281249996 0.8074266078125
1 0.4805359953125 0.8095216421875 0.44219685000000003 0.7998844796875 0.43842578593750003 0.8287959671875 0.479278975 0.834662065625 0.4805359953125 0.8095216421875
3 0.479278975 0.8388521375 0.437797275 0.8267009328125001 0.431826425 0.85561241875 0.47770769843750005 0.859802490625 0.479278975 0.8388521375