36 0.44140625 0.17421875 0.05625 0.153125
5 0.4328125 0.11015625 0.0328125 0.0234375
1 0.43359375 0.13359375 0.03125 0.025
2 0.43515625 0.15546875 0.034375 0.0125
0 0.43515625 0.1734375 0.009375 0.009375
20 0.43515625 0.1890625 0.03125 0.021875
29 0.43671875 0.21171875 0.03125 0.025
23 0.43671875 0.2359375 0.03125 0.025
6 0.64375 0.0453125 0.015625 0.0109375
3 0.64375 0.05703125 0.015625 0.0109375
0 0.64375 0.06484375 0.003125 0.003125
1 0.64375 0.07265625 0.015625 0.0125
36 0.44140625 0.55625 0.05625 0.146875
24 0.43984375 0.615625 0.03125 0.0203125
34 0.4390625 0.59453125 0.03125 0.021875
17 0.4390625 0.5734375 0.03125 0.0234375
0 0.4375 0.55859375 0.009375 0.0078125
7 0.43671875 0.54140625 0.03125 0.021875
2 0.43515625 0.5203125 0.03125 0.0125
6 0.434375 0.49765625 0.0328125 0.025
36 0.49008056250000004 0.8116735046875 0.4413910546875 0.8180103265625001 0.45432419062499996 0.9353682390625 0.49825887656249995 0.9275106046875001 0.49008056250000004 0.8116735046875
7 0.4821832234375 0.9130945640625001 0.4538964265625 0.9202374375 0.4557971328125 0.931953 0.4832386046875 0.9289449609375 0.4821832234375 0.9130945640625001
1 0.479808053125 0.8966663031250001 0.452708484375 0.89949773125 0.4544903984375 0.91817929375 0.48205066093750004 0.912163203125 0.479808053125 0.8966663031250001
1 0.4806987421875 0.8768732203124999 0.451164165625 0.882715984375 0.4525896921875 0.899339415625 0.48193186875 0.8944315359375 0.4806987421875 0.8768732203124999
0 0.46484375 0.87578125 0.0078125 0.00625
32 0.477284434375 0.8521318640625 0.448907071875 0.8556435296875 0.4503326 0.8729002375 0.47908080625 0.8684673296875 0.477284434375 0.8521318640625
31 0.47683909062499996 0.8311511953125 0.44771912968749994 0.837120284375 0.44878827968749996 0.8539020296875 0.4788432203125 0.8513689390625 0.47683909062499996 0.8311511953125
12 0.47461236875 0.814722934375 0.445224453125 0.8181220765624999 0.44771912968749994 0.8361703765625 0.47551697812500004 0.832212415625 0.47461236875 0.814722934375