36 0.46171875 0.62265625 0.2171875 0.1015625
36 0.25625 0.06328125 0.078125 0.0328125
36 0.665625 0.09453125 0.071875 0.025
29 0.55078125 0.634375 0.0359375 0.046875
10 0.51640625 0.6359375 0.028125 0.05
19 0.484375 0.6296875 0.034375 0.053125
0 0.46171875 0.6359375 0.015625 0.01875
1 0.43828125 0.63046875 0.03125 0.05
1 0.40234375 0.63046875 0.0328125 0.046875
8 0.3703125 0.63046875 0.034375 0.05
9 0.871875 0.5375 0.0296875 0.0421875
4 0.9015625 0.53828125 0.028125 0.04375
5 0.93125 0.53828125 0.028125 0.04375
0 0.95390625 0.53828125 0.0109375 0.0125
14 0.975 0.540625 0.028125 0.04375
6 0.2875 0.0640625 0.009375 0.015625
6 0.278125 0.0640625 0.0078125 0.0171875
8 0.26796875 0.0640625 0.009375 0.015625
1 0.2578125 0.06328125 0.009375 0.015625
0 0.2515625 0.06328125 0.003125 0.003125
30 0.2453125 0.0625 0.009375 0.01875
19 0.23515625 0.0625 0.0078125 0.0171875
23 0.22421875 0.0625 0.0125 0.01875
22 0.63515625 0.0953125 0.009375 0.0140625
20 0.64453125 0.09453125 0.009375 0.015625
16 0.65546875 0.0953125 0.009375 0.015625
0 0.6609375 0.09453125 0.003125 0.003125
4 0.6671875 0.09453125 0.009375 0.015625
1 0.67734375 0.0953125 0.009375 0.015625
7 0.6859375 0.0953125 0.00625 0.015625
5 0.6953125 0.0953125 0.009375 0.015625
4 0.75390625 0.01328125 0.00625 0.0125
9 0.7609375 0.01328125 0.00625 0.0125
1 0.76796875 0.01328125 0.00625 0.0125
5 0.77421875 0.01328125 0.00625 0.0109375
8 0.884375 0.0984375 0.009375 0.015625
4 0.89453125 0.09921875 0.009375 0.015625
9 0.9875 0.1203125 0.009375 0.0140625
9 0.99609375 0.1203125 0.0078125 0.015625