36 0.225 0.4265625 0.1125 0.04375
36 0.4768126515625 0.4450102421875 0.4845111203125 0.48612349374999997 0.588676075 0.477401759375 0.5808525265625 0.436141221875 0.4768126515625 0.4450102421875
36 0.771875 0.4703125 0.115625 0.040625
10 0.81875 0.47109375 0.01875 0.025
12 0.80078125 0.471875 0.015625 0.0234375
19 0.784375 0.471875 0.015625 0.025
0 0.7703125 0.47265625 0.00625 0.00625
2 0.759375 0.47421875 0.0125 0.025
9 0.74296875 0.47421875 0.015625 0.021875
5 0.725 0.47421875 0.015625 0.025
31 0.5673851062499999 0.4512455765625 0.5710956921875 0.47529752187499996 0.5864810328125001 0.473648321875 0.58289496875 0.45029913906249996 0.5673851062499999 0.4512455765625
19 0.5532120468749999 0.45211331406250005 0.5540908484375 0.47668631875 0.57074865 0.47477671718750003 0.5668155640625 0.4513407390625 0.5532120468749999 0.45211331406250005
25 0.534411053125 0.45515039843749994 0.540556375 0.47885631718750005 0.555247640625 0.47581832031250004 0.5500420765625 0.4529031375 0.534411053125 0.45515039843749994
0 0.53359375 0.46640625 0.00625 0.00625
4 0.5137299578125 0.4561266046875 0.514991259375 0.4799847125 0.533037225 0.4782487140625 0.5276002953125001 0.455159934375 0.5137299578125 0.4561266046875
7 0.49637519374999994 0.45731974375 0.5029606265625 0.4815471140625 0.5122149640625 0.4799847125 0.5123306421875 0.4550731359375 0.49637519374999994 0.45731974375
3 0.48017741249999996 0.45948908906249997 0.4835265125 0.48302271093750004 0.49937456406249997 0.48076591406249997 0.4952101125 0.4575035328125 0.48017741249999996 0.45948908906249997
20 0.26953125 0.4296875 0.015625 0.0234375
34 0.253125 0.4296875 0.015625 0.0234375
17 0.23671875 0.4296875 0.015625 0.025
0 0.22578125 0.43046875 0.00625 0.00625
1 0.21328125 0.43046875 0.015625 0.021875
2 0.196875 0.43125 0.009375 0.0234375
1 0.18046875 0.43203125 0.015625 0.021875