36 0.50234375 0.18203125 0.05 0.1515625
36 0.52890625 0.5125 0.05 0.1328125
36 0.6234947921875 0.87217036875 0.5770616890625 0.883752084375 0.5862096765625 0.9991368218750001 0.629335803125 0.9908639796875001 0.6234947921875 0.87217036875
7 0.5078125 0.2453125 0.03125 0.0171875
8 0.50546875 0.22734375 0.0296875 0.01875
8 0.5046875 0.2078125 0.028125 0.01875
5 0.503125 0.1875 0.0296875 0.021875
0 0.50234375 0.17421875 0.00625 0.0078125
26 0.5 0.1609375 0.0296875 0.021875
19 0.49921875 0.140625 0.03125 0.015625
23 0.496875 0.1203125 0.03125 0.0234375
2 0.534375 0.56640625 0.0265625 0.0109375
4 0.534375 0.55 0.028125 0.015625
4 0.5459375468750001 0.5220479859375 0.5189977578125 0.5269154859375 0.5217193921875001 0.5428191609375 0.5466328218750001 0.5376574468750001 0.5459375468750001 0.5220479859375
4 0.543713803125 0.50600214375 0.517950975 0.510732803125 0.5196258265625 0.5278920328125001 0.54610943125 0.5211957453125 0.543713803125 0.50600214375
0 0.53125 0.5046875 0.00625 0.00625
33 0.542667334375 0.4843751390625 0.516276115625 0.4900859265625 0.517218221875 0.5008278859375 0.5443298984375 0.49943282812499995 0.542667334375 0.4843751390625
14 0.5420132921875 0.46571312656249997 0.513973196875 0.469997084375 0.515857409375 0.4875748265625 0.543387796875 0.483529153125 0.5420132921875 0.46571312656249997
22 0.5400511640625 0.44896963906250004 0.5134498062499999 0.4529773578125 0.51512465625 0.4706946140625 0.5419222984375 0.46636992343749994 0.5400511640625 0.44896963906250004
1 0.6100484875000001 0.87803599375 0.582912146875 0.8852013390625 0.5863996546875 0.902453490625 0.6112850890625 0.8958362265625001 0.6100484875000001 0.87803599375
1 0.6113441984375 0.8982783156249999 0.5858085515625 0.9039502531249999 0.5882911828124999 0.9200995265625 0.6129401750000001 0.9141124796875 0.6113441984375 0.8982783156249999
2 0.6142406031250001 0.92648045625 0.6125264046875001 0.9169484484374999 0.6124121890625001 0.9177264656249999 0.5876409703125 0.9258502453125 0.58864584375 0.934594484375 0.6142406031250001 0.92648045625
0 0.60078125 0.9390625 0.00625 0.0078125
14 0.6138156359375 0.9394922093750001 0.588392871875 0.9470676203125 0.58845198125 0.96479243125 0.6159973796875 0.957151071875 0.6138156359375 0.9394922093750001
24 0.6151452171875 0.9576139140625 0.5880973203125001 0.9642409953125 0.5916439375 0.9788147296874999 0.61723869375 0.9740093312500001 0.6151452171875 0.9576139140625
29 0.617179584375 0.9748758828125 0.5901661796875 0.9818082562500001 0.5915257140625 0.9981150796874999 0.6178889062499999 0.9922068093749999 0.617179584375 0.9748758828125