36 0.4691948390625 0.4306817234375 0.43850373437499995 0.23278279999999998 0.35900874374999997 0.2495538953125 0.391209246875 0.4534904125 0.4691948390625 0.4306817234375
10 0.4173721546875 0.2475413640625 0.36856826875 0.2508955828125 0.373599596875 0.2790710234375 0.42139721874999997 0.26699583437499996 0.4173721546875 0.2475413640625
4 0.3832329953125 0.3119651921875 0.42379563437499995 0.301220121875 0.418154471875 0.27399927968750004 0.3762487 0.2836698421875 0.3832329953125 0.3119651921875
29 0.426213275 0.30444364375 0.381621234375 0.31733772656250003 0.38779965 0.3481402609375 0.4299740484375 0.3341716703125 0.426213275 0.30444364375
0 0.40859375 0.346875 0.0078125 0.0125
6 0.4316704015625 0.3475936625 0.387697709375 0.359459309375 0.3941540171875 0.38830911874999996 0.4358582765625 0.3759781515625 0.4316704015625 0.3475936625
4 0.43568378281250003 0.37877006875 0.39240906875000003 0.3897050765625 0.39921436718750003 0.415995628125 0.43917367812499997 0.40506062031249995 0.43568378281250003 0.37877006875
4 0.43934817343750004 0.4066892390625 0.39973785156249997 0.42041616406250004 0.40671764374999997 0.44740469374999997 0.444234028125 0.43414308906250004 0.43934817343750004 0.4066892390625
36 0.5661506234375 0.871929553125 0.5202848984374999 0.7550056078125 0.4666306546875 0.7784673203125 0.5142271609375 0.8938527921875 0.5661506234375 0.871929553125
20 0.5099199109375 0.78159611875 0.503756428125 0.7622727703125001 0.5040895890625 0.7638275218749999 0.47377192187499995 0.7773760765625 0.4822675328125 0.7958109953125 0.5099199109375 0.78159611875
4 0.511585715625 0.7851498375 0.48076830781249996 0.796033103125 0.48776469218749996 0.8151343437499999 0.516583134375 0.801807896875 0.511585715625 0.7851498375
29 0.5175826171875 0.8026963265625 0.488764175 0.8162448812499999 0.49759294687500005 0.8326808328125 0.5255784859375 0.8175775265624999 0.5175826171875 0.8026963265625
0 0.5125 0.8296875 0.009375 0.009375
4 0.527448653125 0.8285577500000001 0.500232328125 0.8407101562499999 0.50732123125 0.858601196875 0.53529708125 0.8423979906250001 0.527448653125 0.8285577500000001
1 0.53567684375 0.845098525 0.50706805625 0.85876998125 0.513777196875 0.8724414375 0.540613759375 0.85876998125 0.53567684375 0.845098525
7 0.542259396875 0.8596138984374999 0.5164355359374999 0.876661021875 0.521119275 0.88813829375 0.5492217125 0.8753107546875001 0.542259396875 0.8596138984374999
36 0.78359375 0.67265625 0.03125 0.075
22 0.78203125 0.6421875 0.01875 0.0125
29 0.7828125 0.6515625 0.01875 0.0109375
33 0.7828125 0.66171875 0.01875 0.0109375
0 0.78359375 0.66875 0.00625 0.003125
6 0.78359375 0.6765625 0.015625 0.009375
5 0.78359375 0.68515625 0.0171875 0.009375
5 0.78359375 0.69453125 0.0171875 0.009375
4 0.7828125 0.703125 0.0171875 0.009375