36 0.46171875 0.25 0.053125 0.14375
29 0.46015625 0.30703125 0.0328125 0.021875
25 0.45859375 0.2859375 0.03125 0.021875
17 0.45859375 0.2625 0.03125 0.021875
0 0.45625 0.24921875 0.0078125 0.0125
2 0.45703125 0.23359375 0.03125 0.015625
2 0.4546875 0.19140625 0.0296875 0.015625
9 0.45546875 0.2125 0.028125 0.021875
36 0.51171875 0.803125 0.05 0.146875
36 0.66015625 0.52578125 0.028125 0.0734375
7 0.515625 0.86328125 0.03125 0.01875
9 0.51328125 0.84375 0.0296875 0.01875
5 0.51328125 0.825 0.03125 0.01875
3 0.5125 0.80625 0.03125 0.01875
0 0.51328125 0.7921875 0.009375 0.009375
30 0.51171875 0.77890625 0.0296875 0.01875
12 0.51171875 0.76015625 0.03125 0.021875
23 0.51015625 0.740625 0.03125 0.0203125
9 0.6665487703124999 0.5497744734375 0.6519929375 0.5507597953125 0.6523409124999999 0.56161155625 0.6675822234375001 0.5593855453125001 0.6665487703124999 0.5497744734375
9 0.6664687015624999 0.5387022875 0.65087941875 0.5400007828125 0.65178415 0.550574290625 0.666747078125 0.5487192890625 0.6664687015624999 0.5387022875
5 0.66524425625 0.527742678125 0.6506010375 0.5284997812500001 0.6515057750000001 0.5395370328125 0.6662599171875 0.537960284375 0.66524425625 0.527742678125
0 0.6578125 0.52578125 0.003125 0.003125
6 0.6646354828125001 0.51313211875 0.649384746875 0.5146750171875001 0.650498265625 0.5248775234374999 0.6652524109375 0.5228370171875001 0.6646354828125001 0.51313211875
5 0.66420064375 0.5021162203125 0.6484800093749999 0.5046580078125 0.649454340625 0.5133765140625 0.6645564609375 0.511892515625 0.66420064375 0.5021162203125
23 0.6635918703125 0.49121627968750003 0.6476448703125001 0.49250775156250004 0.6486192015625 0.5039160109374999 0.6642084859375 0.5017827578125 0.6635918703125 0.49121627968750003
8 0.64835910625 0.132072365625 0.6469129031249999 0.12291737031250001 0.646901675 0.1230106234375 0.633113734375 0.123640128125 0.6329329593749999 0.1325542125 0.64835910625 0.132072365625