36 0.262852521875 0.3968584109375 0.2587562546875 0.4581488921875 0.40727470937500004 0.4647611609375 0.4117883078125 0.405250775 0.262852521875 0.3968584109375
23 0.26372802812499996 0.41578075 0.2615913203125 0.4504136265625 0.2832772640625 0.45128534531250003 0.285213509375 0.41728838437500004 0.26372802812499996 0.41578075
3 0.28551439843750004 0.41832249218750006 0.283019103125 0.45128534531250003 0.30457595625 0.4520602078125 0.306899453125 0.41922553125000006 0.28551439843750004 0.41832249218750006
10 0.3105283765625 0.419290775 0.3052213703125 0.45167277656250004 0.325745565625 0.45293191874999994 0.325874646875 0.42077525312499997 0.3105283765625 0.419290775
0 0.3328125 0.43671875 0.0078125 0.009375
9 0.34921875 0.4375 0.0203125 0.034375
5 0.37109375 0.4390625 0.021875 0.034375
9 0.39296875 0.43984375 0.021875 0.034375
36 0.746588 0.45459098750000004 0.7257258703125 0.5208370796875 0.9132857234375 0.552338275 0.9320115421875 0.4836701921875 0.746588 0.45459098750000004
6 0.7434267 0.476414825 0.7321904015625 0.5125303640625 0.7581848078125 0.5180672421875 0.7665701 0.4819517015625 0.7434267 0.476414825
1 0.770149240625 0.4809029765625 0.7585202265625 0.5175638874999999 0.783676103125 0.5223457406249999 0.7939061578125 0.4857268453125 0.770149240625 0.4809029765625
4 0.797405965625 0.4860922375 0.7865270984375 0.5213390312499999 0.8100059156249999 0.5271275828124999 0.8205713890625 0.490257015625 0.797405965625 0.4860922375
0 0.8234375 0.50859375 0.009375 0.009375
24 0.83703305 0.4909669984375 0.8249317390625001 0.5277567734375 0.8519323906249999 0.5326644625 0.861659309375 0.4956680578125 0.83703305 0.4909669984375
33 0.8651284421875 0.4956845078125 0.8577279000000001 0.5329761234375 0.8796973765624999 0.53662543125 0.8907659593749999 0.4987481546875 0.8651284421875 0.4956845078125
16 0.8928045015625001 0.4986722640625 0.8830514812500001 0.5373804578125 0.9095490093749999 0.5420364734375 0.921791540625 0.5031524890625 0.8928045015625001 0.4986722640625
7 0.26796875 0.2296875 0.009375 0.01875
3 0.25703125 0.2296875 0.009375 0.0171875
3 0.246875 0.2296875 0.009375 0.01875
3 0.2359375 0.2296875 0.009375 0.0171875
3 0.2296875 0.228125 0.003125 0.003125
29 0.22265625 0.22890625 0.009375 0.0171875
19 0.2125 0.228125 0.009375 0.01875
23 0.2015625 0.228125 0.009375 0.01875