12 0.3245759375 0.06988885781250001 0.2849959484375 0.08196928906249999 0.28665084375 0.11170485156250001 0.33216073125 0.102527225 0.3245759375 0.06988885781250001
23 0.3230261671875 0.0340719578125 0.27672142499999997 0.0434232015625 0.28196195468749996 0.078665346875 0.3288509171875 0.06765217968750001 0.3230261671875 0.0340719578125
20 0.3163104984375 0 0.26872271406250003 0.0096494984375 0.27672142499999997 0.0426890015625 0.3227829390625 0.033878475000000005 0.3163104984375 0
36 0.51796875 0.52734375 0.06875 0.2
7 0.5234375 0.60625 0.0421875 0.025
1 0.521875 0.58359375 0.040625 0.025
3 0.540238953125 0.5438777171875 0.49584714375 0.548216346875 0.500926990625 0.577627353125 0.5425817875 0.5688378796875 0.540238953125 0.5438777171875
4 0.5383360984375 0.5159692046875 0.49457718437500003 0.52455234375 0.4973710765625 0.5505827515624999 0.5420738109375 0.5448357859375 0.5383360984375 0.5159692046875
0 0.5207347078125 0.5089920765625 0.5121026718749999 0.5127203234375 0.5138806078125 0.5225239921875 0.52226238125 0.5215098359375 0.5207347078125 0.5089920765625
14 0.53548181875 0.484254984375 0.49305322343749997 0.49074660156250005 0.49660912343749997 0.5161009234375 0.5382639218749999 0.51001590625 0.53548181875 0.484254984375
16 0.5326275390624999 0.45824932343749997 0.490740371875 0.4647452171875 0.4945502609375 0.4890853640625 0.5346811265625 0.481310046875 0.5326275390624999 0.45824932343749997
22 0.529773259375 0.4335122328125 0.48870844687500004 0.43871481093750003 0.492772340625 0.4647452171875 0.5339191453125001 0.45730795312500006 0.529773259375 0.4335122328125
21 0.761625578125 0.729430734375 0.7420338546874999 0.732485965625 0.7437983921875 0.743619796875 0.762685403125 0.739966525 0.761625578125 0.729430734375
24 0.762227934375 0.7417931609374999 0.74360233125 0.74344584375 0.7453015062499999 0.7509263828125 0.7631428765625 0.754927603125 0.762227934375 0.7417931609374999