36 0.269461921875 0.4763132453125 0.2779342296875 0.52713405625 0.41872566093749997 0.5161443375 0.41352866875 0.4650954171875 0.269461921875 0.4763132453125
36 0.6516229703125 0.391257309375 0.653699696875 0.4451934984375 0.781262384375 0.436685340625 0.773230671875 0.38882696875 0.6516229703125 0.391257309375
20 0.7551254468749999 0.40375784843750007 0.7580208749999999 0.43141264062499995 0.7758914703124999 0.430149453125 0.7729130343749999 0.40265087343749995 0.7551254468749999 0.40375784843750007
34 0.7367833593750001 0.4046914015625 0.7385963203125 0.43257865625 0.7575028953125 0.4303437859375 0.7555604296875 0.4038168875 0.7367833593750001 0.4046914015625
17 0.7180507656249999 0.40545777968749996 0.7199487453125 0.433064496875 0.7384668249999999 0.43189848125 0.7361358734375 0.4038168875 0.7180507656249999 0.40545777968749996
0 0.71484375 0.41953125 0.0078125 0.00625
1 0.70078125 0.4203125 0.0171875 0.0265625
2 0.68125 0.4203125 0.009375 0.028125
1 0.66328125 0.42109375 0.0203125 0.028125
3 0.39340448125 0.47893620625000005 0.39824765625 0.5084985328125 0.4148175140625 0.5057193343749999 0.40994402656249995 0.47690357812500006 0.39340448125 0.47893620625000005
9 0.3753695828125 0.480215709375 0.3785587703125 0.507913428125 0.39317924843749996 0.5070358046875 0.3937640421875 0.47763494375000004 0.3753695828125 0.480215709375
8 0.3563598265625 0.480215709375 0.3606243421875 0.509668703125 0.3768043125 0.5080597046875 0.373490346875 0.4798290359375 0.3563598265625 0.480215709375
6 0.3407620765625 0.48240914375 0.3411303921875 0.51157025 0.36081927812500003 0.5095224328125 0.35614072812500003 0.481291765625 0.3407620765625 0.48240914375
0 0.3359375 0.496875 0.009375 0.00625
27 0.3234375 0.49765625 0.01875 0.0296875
12 0.29323768437500003 0.48569929375000004 0.2978538140625 0.515227078125 0.3146186078125 0.5146419843750001 0.3118894671875 0.4833395828125 0.29323768437500003 0.48569929375000004
23 0.273740496875 0.48679601093749997 0.2784037875 0.5168347578125 0.296143278125 0.5149332109375 0.2920495515625 0.485239809375 0.273740496875 0.48679601093749997