36 0.43125 0.64609375 0.065625 0.15625
36 0.3873710984375 0.24002340156250002 0.4215246265625 0.42549603124999996 0.493389340625 0.4074705578125 0.46065887656250004 0.222472284375 0.3873710984375 0.24002340156250002
3 0.44251481562499995 0.258048875 0.43895715625 0.236228565625 0.43895715625 0.23195937500000002 0.3941306515625 0.24049775625 0.4016017359375 0.2718051578125 0.44251481562499995 0.258048875
1 0.4429458609375 0.26248746875 0.4036078640625 0.27232196875 0.4090519625 0.3013571578125 0.44821434375 0.2875420265625 0.4429458609375 0.26248746875
1 0.4478631109375 0.2919909671875 0.40940319374999995 0.30346455 0.41432044375 0.32968988125 0.45348282500000003 0.31798214375 0.4478631109375 0.2919909671875
0 0.43837984375000005 0.325240940625 0.4288965765625 0.32781664374999997 0.4315308171875 0.340929309375 0.4389066921875 0.3357779046875 0.43837984375000005 0.325240940625
19 0.45857569062500003 0.33648036875 0.416954684375 0.3416317734375 0.4225743984375 0.37043280625 0.46120993125 0.357320140625 0.45857569062500003 0.33648036875
30 0.4604256578125 0.3605071609375 0.422579525 0.37648400312499997 0.4260200828125 0.3924608453125 0.46612037500000003 0.38534245 0.4604256578125 0.3605071609375
20 0.46552717499999996 0.38724068906250003 0.42708784218750007 0.39641550937500003 0.4307656796875 0.4221999171875 0.47015413125 0.41223416406249996 0.46552717499999996 0.38724068906250003
7 0.42265625 0.5828125 0.034375 0.021875
9 0.42421875 0.60703125 0.034375 0.025
9 0.4265625 0.63046875 0.034375 0.021875
0 0.42890625 0.646875 0.009375 0.0078125
23 0.4296875 0.6640625 0.0328125 0.021875
16 0.43203125 0.68671875 0.034375 0.0234375
31 0.43515625 0.70859375 0.0328125 0.01875