36 0.4662688046875 0.7493522140625 0.403356440625 0.729644890625 0.3616107859375 0.9072743921875001 0.4274985046875 0.9314052328125 0.4662688046875 0.7493522140625
9 0.4183137 0.8965785359374999 0.38319342968750003 0.8837300203125 0.3792911578125 0.90697966875 0.4155591671875 0.92135771875 0.4183137 0.8965785359374999
7 0.4245335078125 0.8716998765625 0.387784315625 0.8568094343749999 0.38319342968750003 0.881282728125 0.4196909625 0.896884425 0.4245335078125 0.8716998765625
7 0.43027038749999996 0.84722251875 0.3919160921875 0.8308065593749999 0.387095684375 0.850079240625 0.425200028125 0.8702697265625 0.43027038749999996 0.84722251875
9 0.43686780000000003 0.8235100796875001 0.3974251765625 0.8075569125 0.3937524625 0.8259118828125 0.42910228281249996 0.8470200796875 0.43686780000000003 0.8235100796875001
0 0.41640625 0.81171875 0.0109375 0.0078125
12 0.4423178375 0.7944432171875 0.40454104375 0.7781889640624999 0.39972061875 0.7986853390624999 0.43438179843749997 0.8142870578125001 0.4423178375 0.7944432171875
12 0.445473121875 0.76920094375 0.40867283906249996 0.756468896875 0.40339332343749995 0.7754357140625 0.439661315625 0.7904256109375 0.445473121875 0.76920094375
22 0.4506363140625 0.7485481734375 0.41395235625 0.7347488531249999 0.4089023890625 0.7555511625 0.4458590125 0.7696233015625 0.4506363140625 0.7485481734375
36 0.400739078125 0.5433191203125001 0.4290943328125 0.42329001093749996 0.3773293484375 0.417942275 0.3431992578125 0.52611626875 0.400739078125 0.5433191203125001
2 0.391639071875 0.52171259375 0.357638909375 0.5129954140625 0.3558886421875 0.5229089359375 0.3895811828125 0.5319477499999999 0.391639071875 0.52171259375
3 0.3950817390625 0.49922255625 0.36224728906250003 0.49052804375000003 0.3573698390625 0.5088469250000001 0.3915120359375 0.518498784375 0.3950817390625 0.49922255625
1 0.4013614234375 0.48321551874999996 0.3662379421875 0.473785 0.3616560921875 0.4903310703125 0.3968329015625 0.49880108593749994 0.4013614234375 0.48321551874999996
3 0.402469603125 0.46671595625 0.37096759375 0.45684498281249997 0.3662379421875 0.4739819890625 0.40052794374999995 0.48323990156249996 0.402469603125 0.46671595625
0 0.3890625 0.45859375 0.0078125 0.00625
19 0.4074564109375 0.4499701328125 0.3785054796875 0.4387231046875 0.3725934109375 0.4499507875 0.4049619953125 0.46176940625 0.4074564109375 0.4499701328125
20 0.41188912968749997 0.4312542125 0.38042690625 0.42946517812499996 0.37702746249999997 0.4393140265625 0.4086570390625 0.44443544062499996 0.41188912968749997 0.4312542125
22 0.4148546546875 0.4216817875 0.384184465625 0.41999746718750003 0.3814532109375 0.42932490625 0.4132040859375 0.43103114531250003 0.4148546546875 0.4216817875
36 0.5262491859375 0.21196382656249999 0.480417921875 0.19602486875 0.4604583875 0.2721366609375 0.5082447265625001 0.292717925 0.5262491859375 0.21196382656249999
1 0.500394209375 0.2754435671875 0.47450080000000006 0.265536890625 0.47184369843749996 0.2748323921875 0.49819326718749996 0.285455834375 0.500394209375 0.2754435671875
1 0.502746140625 0.26400671875000004 0.47726861249999997 0.25432326562499996 0.4743900890625 0.265536890625 0.50051823125 0.2743897546875 0.502746140625 0.26400671875000004
3 0.505374771875 0.2534921984375 0.47981499375 0.2428145375 0.47638290781250003 0.252995334375 0.503175328125 0.26317612968750004 0.505374771875 0.2534921984375
8 0.5071733078125 0.24242427968750002 0.48258280468750003 0.232486196875 0.47981499375 0.24178170781250002 0.504503878125 0.251814946875 0.5071733078125 0.24242427968750002
0 0.49609375 0.23515625 0.00625 0.003125
19 0.5093868921875 0.231540828125 0.4870113 0.21846916093750002 0.482693525 0.22791221875 0.5081573890625 0.23912584531249997 0.5093868921875 0.231540828125
15 0.5131394499999999 0.2180265140625 0.48811842499999997 0.2099113890625 0.48656845625 0.2146329234375 0.5103716390625 0.229387696875 0.5131394499999999 0.2180265140625
23 0.5151975484375 0.20940499375 0.490775534375 0.20032078593749997 0.48822914375000004 0.20976384375 0.5133608765625 0.2177314234375 0.5151975484375 0.20940499375
9 0.672606859375 0.7084102078125001 0.6734348375 0.699361890625 0.67302683125 0.699043703125 0.6584484546875 0.6947273796875 0.6572892890625 0.70763779375 0.672606859375 0.7084102078125001