36 0.2763214703125 0.5858856359375 0.0775924734375 0.6447519046875 0.10772865312499999 0.7183278171875 0.30708659374999997 0.6546448078125 0.2763214703125 0.5858856359375
36 0.5930409953125 0.480282965625 0.473140275 0.5174918125 0.49836329375000005 0.5739303921875 0.6163673281250001 0.5337957609374999 0.5930409953125 0.480282965625
36 0.7542673359375 0.3969265265625 0.6706964875 0.42257222656250004 0.68977678125 0.4653611515625 0.775535490625 0.4391192984375 0.7542673359375 0.3969265265625
22 0.0880382609375 0.6614297484375 0.10547069375 0.703637196875 0.1345957484375 0.6927154265625 0.1159692515625 0.652838303125 0.0880382609375 0.6614297484375
36 0.11622743437500001 0.6525730140625 0.13527307187499998 0.69449338125 0.159656834375 0.68433361875 0.143739659375 0.6436945140625 0.11622743437500001 0.6525730140625
23 0.143273803125 0.6442876828124999 0.1643981265625 0.684841596875 0.1911525125 0.6767137890625 0.170832740625 0.6355666890625 0.143273803125 0.6442876828124999
0 0.17870073749999998 0.6528587156250001 0.1837019234375 0.6599501453125 0.1935231828125 0.6556322390625 0.1891205640625 0.64902839375 0.17870073749999998 0.6528587156250001
3 0.18212915000000002 0.634859546875 0.19995775 0.674681825 0.2256962078125 0.6655380265625 0.2063923640625 0.6264228875 0.18212915000000002 0.634859546875
7 0.20688991093750003 0.6260028140625 0.22671218125 0.6655380265625 0.2385653890625 0.6596961515624999 0.23348542343749998 0.6175330875 0.20688991093750003 0.6260028140625
6 0.2362218875 0.6185745859375 0.2477093 0.6581721921875 0.2720930625 0.64902839375 0.2558372375 0.610675246875 0.2362218875 0.6185745859375
4 0.2571733 0.60914645 0.274125059375 0.6502983609374999 0.296476825 0.6421705453125 0.278189003125 0.603563396875 0.2571733 0.60914645
4 0.48611510156250004 0.5371497781250001 0.501053525 0.5692618921875 0.5200186718750001 0.5606260640625 0.503762821875 0.5286227703125 0.48611510156250004 0.5371497781250001
4 0.5055427734375 0.5285787453124999 0.520695971875 0.5606260640625 0.537629146875 0.5542762015625 0.521034646875 0.5227808953124999 0.5055427734375 0.5285787453124999
9 0.5230657734374999 0.522579021875 0.539999815625 0.5542762015625 0.5562556421875 0.547164359375 0.5389837953125001 0.5156690625 0.5230657734374999 0.522579021875
0 0.5515625 0.53203125 0.0078125 0.009375
23 0.5483767984375 0.5154192156249999 0.5638311921875 0.54541509375 0.5808695125 0.5394169734375 0.5653959140625 0.50890479375 0.5483767984375 0.5154192156249999
26 0.566612928125 0.510469525 0.581564953125 0.540199334375 0.5963431109374999 0.5336796406250001 0.582434259375 0.5048625828125 0.566612928125 0.510469525
21 0.5831867843749999 0.50441886875 0.5968647328125 0.5352443703125 0.6118167328124999 0.5276815203125 0.5923443109375001 0.502515490625 0.5831867843749999 0.50441886875
5 0.6773467828124999 0.4354065578125 0.690895575 0.4616241796875 0.7044985703125 0.45606856562500003 0.6910302625 0.4299066921875 0.6773467828124999 0.4354065578125
6 0.6921932015625 0.4302936328125 0.704094528125 0.4561695796875 0.7176975328124999 0.45212913749999994 0.70584540625 0.4266743359375 0.6921932015625 0.4302936328125
5 0.7058276671875 0.4266577765625 0.7178322015624999 0.45172509375000003 0.73089649375 0.44758363437500004 0.7174281578125 0.42263389062499995 0.7058276671875 0.4266577765625
0 0.7235524718749999 0.43347500937500005 0.7260478828125 0.438189603125 0.7306271015625 0.43697747031249995 0.7282028234375 0.4322299453125 0.7235524718749999 0.43347500937500005
14 0.722189025 0.42256743593749996 0.7365531546875 0.446674540625 0.749752134375 0.4420280265625 0.73547569375 0.4173813125 0.722189025 0.42256743593749996
26 0.7350328296875001 0.4168297984375 0.7494361281249999 0.442867575 0.7605786734375 0.43802942343750007 0.746357253125 0.412629128125 0.7350328296875001 0.4168297984375
11 0.747071434375 0.4133666390625 0.7616049515625 0.43846925781249996 0.7721610484375 0.4346207234375 0.7599922265625 0.41010009687500004 0.747071434375 0.4133666390625