6 0.046875 0.609375 0.04375 0.05
36 0.5203125 0.578125 0.203125 0.06875
6 0.5984375 0.5703125 0.025 0.04375
7 0.57109375 0.571875 0.021875 0.04375
5 0.54921875 0.57265625 0.025 0.040625
1 0.5265625 0.5765625 0.0234375 0.0390625
0 0.50859375 0.57734375 0.009375 0.009375
27 0.49296875 0.57890625 0.028125 0.040625
24 0.46484375 0.58203125 0.025 0.0390625
14 0.440625 0.5828125 0.0265625 0.0421875
1 0.86328125 0.55 0.0265625 0.0375
4 0.89140625 0.5484375 0.028125 0.0390625
2 0.91640625 0.54609375 0.015625 0.040625
0 0.9359375 0.54609375 0.0125 0.015625
17 0.953125 0.54296875 0.025 0.0375
29 0.97734375 0.54140625 0.0234375 0.0375