36 0.4734375 0.20859375 0.053125 0.146875
4 0.47578125 0.26875 0.03125 0.01875
5 0.47421875 0.25078125 0.03125 0.01875
7 0.47265625 0.23125 0.028125 0.0171875
7 0.47265625 0.21171875 0.028125 0.015625
0 0.471875 0.19921875 0.009375 0.00625
14 0.47109375 0.1859375 0.0328125 0.01875
32 0.47109375 0.1671875 0.03125 0.015625
22 0.46953125 0.1484375 0.03125 0.01875
36 0.5176732375 0.6190643421875001 0.4688390171875 0.610190621875 0.458037690625 0.7391975515625 0.50906458125 0.7511058703125 0.5176732375 0.6190643421875001
14 0.5058210390625 0.6184119234375001 0.4792437484375 0.6145188078125 0.47777273437499995 0.63041390625 0.504251228125 0.636075146875 0.5058210390625 0.6184119234375001
22 0.504800196875 0.6354259421874999 0.47777273437499995 0.6315026125000001 0.4759748015625 0.6482686109375 0.5029436421875 0.6524056953125 0.504800196875 0.6354259421874999
31 0.50377935625 0.6534608015625001 0.4756479140625 0.6495750640625 0.4751575609375 0.6632927265624999 0.500328484375 0.669607225 0.50377935625 0.6534608015625001
0 0.48828125 0.6703125 0.00625 0.00625
7 0.4875 0.6828125 0.028125 0.015625
3 0.49967871875 0.69397380625 0.4734035921875 0.687033165625 0.47110835 0.708054584375 0.49872295937500005 0.7110166984374999 0.49967871875 0.69397380625
2 0.4977748078125 0.7159247953125 0.46988899999999995 0.712067765625 0.46996073125000004 0.719807475 0.49771879218750004 0.7240117640625 0.4977748078125 0.7159247953125
7 0.497326828125 0.72861754375 0.4692220609375 0.7244494359375 0.469293784375 0.7344823984375 0.4948283328125 0.7468086031250001 0.497326828125 0.72861754375