36 0.5546875 0.53984375 0.184375 0.0625
22 0.48125 0.5453125 0.0234375 0.0359375
17 0.50390625 0.54375 0.025 0.0375
22 0.52890625 0.5421875 0.021875 0.034375
0 0.54375 0.54140625 0.009375 0.00625
3 0.559375 0.54140625 0.021875 0.034375
5 0.58203125 0.53828125 0.025 0.0375
9 0.60390625 0.5375 0.0203125 0.034375
8 0.62734375 0.53671875 0.021875 0.0375
2 0.18125 0.56484375 0.01875 0.04375
5 0.15390625 0.565625 0.034375 0.04375
3 0.1234375 0.56875 0.028125 0.0453125
5 0.09375 0.57109375 0.034375 0.0453125
0 0.0734375 0.57265625 0.0109375 0.009375
28 0.053125 0.575 0.028125 0.04375
21 0.025 0.578125 0.0328125 0.04375