36 0.43359375 0.50546875 0.1890625 0.065625
36 0.921875 0.50234375 0.15625 0.0609375
0 0.0075215484375 0.6468532 0.01002873125 0.6551806296875 0.0186247875 0.6535688687500001 0.0168339421875 0.644435559375 0.0075215484375 0.6468532
11 0.0125359140625 0.6310042218749999 0.024355490625 0.6696864734375 0.052650842187500005 0.6645825656250001 0.041189434375 0.62482580625 0.0125359140625 0.6310042218749999
11 0.043696617187499995 0.62482580625 0.05551619375 0.6659256984375 0.0809461921875 0.6589414031249999 0.0673357703125 0.62079640625 0.043696617187499995 0.62482580625
22 0.07270830625 0.6210650328125 0.083453375 0.65947865625 0.111748725 0.6535688687500001 0.09778013437500001 0.614617990625 0.07270830625 0.6210650328125
7 0.50625 0.5046875 0.021875 0.040625
6 0.48515625 0.50546875 0.021875 0.0375
2 0.46171875 0.5078125 0.015625 0.0375
9 0.4375 0.5078125 0.025 0.0375
0 0.42265625 0.50859375 0.0109375 0.00625
26 0.40546875 0.5109375 0.0234375 0.0375
28 0.38125 0.5109375 0.021875 0.0375
22 0.3578125 0.51015625 0.025 0.0375
7 0.9890625 0.49609375 0.021875 0.0359375
2 0.9703125 0.49765625 0.01875 0.034375
9 0.95078125 0.49921875 0.021875 0.034375
6 0.93125 0.49921875 0.01875 0.034375
0 0.915625 0.49921875 0.009375 0.00625
28 0.90234375 0.50078125 0.021875 0.034375
28 0.88125 0.50234375 0.01875 0.0375
22 0.86015625 0.50234375 0.021875 0.0359375