36 0.5026034125 0.37291865468749996 0.43082224062499996 0.3580988734375 0.41141686875000005 0.532277796875 0.484266640625 0.542872625 0.5026034125 0.37291865468749996
22 0.47916846875 0.36898439843749997 0.4427910421875 0.36240478593750003 0.43872829687500003 0.388289696875 0.47652956093750004 0.39393730625 0.47916846875 0.36898439843749997
9 0.476686165625 0.39509455937500004 0.440318071875 0.3889956421875 0.4369618828125 0.41088015625 0.47352666250000003 0.418645625 0.476686165625 0.39509455937500004
10 0.47365223749999996 0.42561770625 0.4369618828125 0.4120567484375 0.43360569531250004 0.4360590984375 0.46981719687499995 0.44523648125 0.47365223749999996 0.42561770625
0 0.45655192031249997 0.44290189843750005 0.4466771578125 0.44311862187499995 0.44632386718749995 0.453001971875 0.4553325859375 0.4551198078125 0.45655192031249997 0.44290189843750005
6 0.46923925312500003 0.45724409843749997 0.432722484375 0.4497075 0.428659721875 0.4762983546875 0.46593107187499994 0.4821812875 0.46923925312500003 0.45724409843749997
3 0.46703276093749996 0.4859285015625 0.42571260000000005 0.47606870468749996 0.42412283281249996 0.50477741875 0.4636905140625 0.5111309734375 0.46703276093749996 0.4859285015625
5 0.4639988328125 0.5109354171875 0.42730237656250003 0.5043067734375 0.4225330484375 0.5311329515625001 0.4603343265625 0.536309915625 0.4639988328125 0.5109354171875
36 0.7703125 0.33671875 0.034375 0.06875
2 0.76953125 0.30625 0.015625 0.00625
3 0.76875 0.3171875 0.015625 0.0109375
3 0.76875 0.328125 0.015625 0.009375
0 0.76796875 0.33515625 0.003125 0.003125
19 0.775436890625 0.3403791125 0.7611452562500001 0.336439134375 0.7592163171874999 0.34607544843750004 0.7752265125 0.349416040625 0.775436890625 0.3403791125
34 0.7750604046875 0.349615559375 0.7598914484375 0.346910603125 0.7583482984375001 0.356996603125 0.7737798078125 0.35975902187500003 0.7750604046875 0.349615559375
16 0.7740691484375 0.3612365875 0.7595056609374999 0.356996603125 0.7574320515624999 0.3670826171875 0.77267066875 0.37132260625 0.7740691484375 0.3612365875
20 0.7261005078125 0.8130974109375 0.7102045421875001 0.8082556500000001 0.7081099203125001 0.8213264812500001 0.7249220140625 0.824851196875 0.7261005078125 0.8130974109375
6 0.7245912875 0.8256589562500001 0.7087162578124999 0.8215467734375 0.706676753125 0.8321209359375 0.7228273953125 0.8363065437499999 0.7245912875 0.8256589562500001
28 0.723213246875 0.836673703125 0.7073933375 0.834250453125 0.7056845671875001 0.8418873437500001 0.72194545 0.848789921875 0.723213246875 0.836673703125
5 0.72070759375 0.8548079875000001 0.7042813453125001 0.8502552187499999 0.7031789140625 0.8631057562500001 0.7200461328125 0.866116453125 0.72070759375 0.8548079875000001
0 0.71328125 0.85 0.0046875 0.003125