36 0.0639620546875 0.5653733546875 0.0782760359375 0.6342136593750001 0.257465665625 0.6059404140625 0.23904432656250002 0.5449958578125 0.0639620546875 0.5653733546875
6 0.2188947140625 0.57008414375 0.22983362343749997 0.6078252921875 0.25369768593750003 0.5993433171875 0.242393646875 0.5666720171875 0.2188947140625 0.57008414375
2 0.200051553125 0.57008414375 0.209318915625 0.60625455625 0.2214602765625 0.6043696781250001 0.21183094531250002 0.5676144796875 0.200051553125 0.57008414375
9 0.16815483125 0.5755773375000001 0.173435103125 0.610669703125 0.197573415625 0.6059529875 0.190281628125 0.57236996875 0.16815483125 0.5755773375000001
0 0.1625 0.59296875 0.009375 0.009375
25 0.1270615484375 0.5807360609375001 0.135216090625 0.6136884140625 0.15860009218749999 0.611613046875 0.1518111796875 0.577652696875 0.1270615484375 0.5807360609375001
17 0.097197996875 0.582386415625 0.1073061671875 0.621423825 0.13370745 0.6163297625 0.12364981875 0.5795393828125001 0.097197996875 0.582386415625
33 0.0701636234375 0.5849798296875 0.08517936875 0.6251971984375 0.09976294218750001 0.621423825 0.0949855640625 0.58331275625 0.0701636234375 0.5849798296875
36 0.606736184375 0.450342109375 0.6184263265625 0.5051504671875 0.7547225546874999 0.487812321875 0.7416622484375 0.43680300625 0.606736184375 0.450342109375
22 0.6126912109375 0.46282588437500005 0.6181023296875 0.49352023593750005 0.6360005484375 0.49067740156250006 0.6307747890625001 0.4617589296875 0.6126912109375 0.46282588437500005
19 0.63457770625 0.461233396875 0.637045703125 0.49185374375 0.65363748125 0.48832471093749996 0.6502407406249999 0.4592101796875 0.63457770625 0.461233396875
30 0.6500942515625 0.45915091406249997 0.657164875 0.48871682656250004 0.6694453984375001 0.48744244999999997 0.6672244546874999 0.45822989375 0.6500942515625 0.45915091406249997
0 0.67265625 0.47265625 0.00625 0.00625
5 0.6741147203125 0.4583542625 0.67920765625 0.48670730625 0.6946645499999999 0.4849999734375 0.692075321875 0.45638745 0.6741147203125 0.4583542625
3 0.69412569375 0.4553379015625 0.6954491640625 0.48523546875 0.7157706609375001 0.4836458859375 0.71035681875 0.4548567390625 0.69412569375 0.4553379015625
2 0.7132538281249999 0.45423435625 0.7188946281249999 0.4829548953125 0.726976146875 0.4817185515625 0.7213269296875 0.4533415203125 0.7132538281249999 0.45423435625
5 0.7261040109375 0.453057240625 0.7323899890625001 0.48183629687499996 0.7478468765625 0.47954022968750004 0.743453034375 0.45098658125 0.7261040109375 0.453057240625
36 0.284375 0.29453125 0.090625 0.034375
7 0.25 0.296875 0.0125 0.0171875
7 0.27578125 0.296875 0.0109375 0.0171875
3 0.2640625 0.296875 0.0125 0.01875
19 0.31796875 0.296875 0.0125 0.01875
20 0.29296875 0.296875 0.0125 0.01875