36 0.4881690296875 0.6616321968750001 0.43774220625 0.648910265625 0.41799183125 0.7905821078125 0.474048046875 0.8029687640625 0.4881690296875 0.6616321968750001
36 0.500146353125 0.366433509375 0.4455052109375 0.3567110640625 0.43795360156249996 0.479803009375 0.49081488437500004 0.48677048906250003 0.500146353125 0.366433509375
36 0.5306340859375 0.1220477109375 0.4857257328125 0.1249966484375 0.4839830796875 0.21247707343750002 0.5292927640625 0.22021870468750002 0.5306340859375 0.1220477109375
22 0.5162379328125 0.1246913609375 0.49250454687499995 0.124768884375 0.49302807812499994 0.136242421875 0.5167614640625 0.1367075640625 0.5162379328125 0.1246913609375
8 0.5169556609375 0.1380348203125 0.493086246875 0.1370176609375 0.492330034375 0.146553096875 0.5158307453125001 0.149421478125 0.5169556609375 0.1380348203125
31 0.5158653015625 0.1500530171875 0.49221369531250003 0.1483361484375 0.492039184375 0.1597321578125 0.5153653828125 0.165313875 0.5158653015625 0.1500530171875
0 0.50390625 0.16640625 0.0046875 0.0046875
4 0.503125 0.1765625 0.025 0.0125
6 0.503125 0.19140625 0.025 0.015625
2 0.5015625 0.20703125 0.025 0.0078125
13 0.6524164859375 0.00616333125 0.6400070296875 0.00362750625 0.6400070296875 0.009683365624999999 0.6518640687499999 0.012332801562499999 0.6524164859375 0.00616333125
23 0.651795421875 0.01320206875 0.6400780328125 0.010298410937499999 0.6392970296875 0.01692200625 0.6518285703125 0.020328425 0.651795421875 0.01320206875
23 0.4852842296875 0.3659137828125 0.45880112500000003 0.3627353078125 0.45775770156249995 0.3777006328125 0.4856817234375 0.38226969375 0.4852842296875 0.3659137828125
12 0.485383603125 0.3830643109375 0.45750926718749996 0.37823038124999997 0.45656521562499996 0.3925997390625 0.4839923703125 0.39710258125000003 0.485383603125 0.3830643109375
30 0.4826022296875 0.41398822968750004 0.4832978484375 0.3976985421875 0.48329675468750005 0.397499890625 0.4549763265625 0.39730123281249996 0.45428071406250004 0.4059758234375 0.4826022296875 0.41398822968750004
0 0.46796875 0.4140625 0.00625 0.0046875
1 0.47962101874999996 0.43544294843750003 0.47977008125 0.43517806875 0.4813512484375 0.4191648703125 0.4542310234375 0.4141868859375 0.4531379140625 0.4289535578125 0.47962101874999996 0.43544294843750003
2 0.48017081875 0.43878528437500003 0.451611471875 0.4345236984375 0.4522574 0.440748209375 0.4800323640625 0.446244325 0.48017081875 0.43878528437500003
8 0.47874275156249996 0.4506237609375 0.45171084375000004 0.4469065078125 0.45007117656249995 0.4631299828125 0.47764739375 0.46703685625 0.47874275156249996 0.4506237609375
1 0.4778734921875 0.46792615 0.44927618750000003 0.4629313265625 0.44778558124999995 0.4767709359375 0.475908353125 0.483723853125 0.4778734921875 0.46792615
9 0.47061513593750004 0.6594295015625 0.44376432968749996 0.6515888296875 0.441085621875 0.669243828125 0.46826233593750005 0.6781362375 0.47061513593750004 0.6594295015625
2 0.46796073906249996 0.6813534703124999 0.440491803125 0.6739539484375 0.438446240625 0.6835603453125 0.46766851562499995 0.6917387625 0.46796073906249996 0.6813534703124999
5 0.4664156984375 0.6963521 0.437618278125 0.692258028125 0.43576753281249997 0.7083552296875 0.4653794390625 0.718221259375 0.4664156984375 0.6963521
0 0.44921875 0.71953125 0.0078125 0.00625
19 0.4620945359375 0.733112403125 0.4373516875 0.7204484140625 0.4308740859375 0.737584146875 0.45965802499999997 0.7511499359375 0.4620945359375 0.733112403125
10 0.4612165453125 0.7545900671875 0.43262742187500003 0.7426469796874999 0.42912074687499996 0.7626386640625 0.45814820625 0.7680909484375 0.4612165453125 0.7545900671875
28 0.45829585625 0.77093513125 0.4259565375 0.768858075 0.425323390625 0.7835922109375 0.4562502984375 0.793133696875 0.45829585625 0.77093513125
23 0.6482836437499999 0.739137209375 0.63273003125 0.737280471875 0.6332011171875 0.7476743906250001 0.6489563 0.748930034375 0.6482836437499999 0.739137209375
20 0.6491339593750001 0.7488177171875 0.6335151734375 0.7483022125 0.6338292328125 0.7582775796875 0.6490609890625 0.7585566171875 0.6491339593750001 0.7488177171875
24 0.64906855 0.7591959171875 0.633358146875 0.757998553125 0.633881575 0.766997309375 0.6484852171875 0.7696481093750001 0.64906855 0.7591959171875
0 0.640625 0.77109375 0.003125 0.003125