13 0.47578125 0.59296875 0.071875 0.171875
7 0.46640625 0.65390625 0.0359375 0.0265625
8 0.46796875 0.63125 0.034375 0.021875
1 0.46953125 0.609375 0.034375 0.0203125
3 0.47109375 0.5875 0.0375 0.0203125
0 0.47265625 0.57421875 0.0078125 0.009375
23 0.47421875 0.559375 0.0375 0.01875
32 0.47578125 0.5390625 0.0359375 0.0171875
22 0.478125 0.51953125 0.034375 0.015625
20 0.5698360921875001 0.0568512609375 0.5347239218750001 0.0491146703125 0.5314529109375 0.068178978125 0.5656622125 0.0779834765625 0.5698360921875001 0.0568512609375
32 0.57047451875 0.040677764062499996 0.5394941421875 0.0320475875 0.5347239218750001 0.04820684375 0.56893321875 0.05674039374999999 0.57047451875 0.040677764062499996
16 0.573453846875 0.019964340625 0.5429014421875 0.013164848437500001 0.538948975 0.031684449999999996 0.5707050125 0.040399551562500004 0.573453846875 0.019964340625
0 0.56317713125 0.0092795890625 0.5553818484375 0.007685182812499999 0.5542751875 0.015283307812499999 0.5619366703125 0.0175514015625 0.56317713125 0.0092795890625
23 0.81503324375 0.052813225 0.80200581875 0.048932085937499994 0.8003983968749999 0.057069279687499995 0.8141303734375 0.060189559375 0.81503324375 0.052813225
15 0.813625184375 0.0678372984375 0.8141303734375 0.0606790140625 0.8140292984374999 0.0606535546875 0.799525796875 0.0568857359375 0.802970271875 0.06514529062499999 0.813625184375 0.0678372984375
7 0.778514490625 0.252735015625 0.7629057703125001 0.2506939328125 0.7627142515625 0.2565620375 0.7775569015625 0.2616647546875 0.778514490625 0.252735015625
6 0.7774602921875 0.26302775624999997 0.763616428125 0.2571867109375 0.761988525 0.26649915 0.7752990265624999 0.26968834375 0.7774602921875 0.26302775624999997
9 0.7767126906249999 0.2702047203125 0.761413965625 0.2663715796875 0.761413965625 0.27606673125 0.774628715625 0.2784905125 0.7767126906249999 0.2702047203125
0 0.76796875 0.278125 0.003125 0.003125
36 0.7625698765625 0.4901906484375 0.733935903125 0.4838242484375 0.7270559109375 0.551870040625 0.7566607203125 0.5588134890625 0.7625698765625 0.4901906484375
12 0.7472892875 0.544081378125 0.7323187171875001 0.541917921875 0.7317402703125 0.5510687125 0.7469245124999999 0.5547290296875 0.7472892875 0.544081378125
25 0.7499988859375 0.53489885 0.7342709765625 0.5311296203125 0.732680246875 0.540858359375 0.74699681875 0.5444223609375001 0.7499988859375 0.53489885
24 0.7506762859375 0.5242109890625 0.734777115625 0.5209192687499999 0.733837140625 0.5297810796875 0.74988905625 0.5343083171874999 0.7506762859375 0.5242109890625
0 0.74296875 0.51953125 0.003125 0.003125
5 0.7511905609375 0.5093603671875 0.7354278703125 0.5060853546875 0.7342709765625 0.5150434921875 0.7506844187499999 0.518511165625 0.7511905609375 0.5093603671875
1 0.752143984375 0.499071934375 0.7357894015625 0.4960676453125 0.7355001734375 0.5052184359375 0.7501782796875001 0.50926405 0.752143984375 0.499071934375
2 0.75234745625 0.49144408281249996 0.7364401546875 0.48836171874999995 0.7364401546875 0.49452645312500004 0.7521305375 0.4966455859375 0.75234745625 0.49144408281249996
36 0.7131430484375 0.81396955 0.683651028125 0.805988178125 0.6735583609375 0.888820190625 0.703475909375 0.8962630765625 0.7131430484375 0.81396955
3 0.697910740625 0.8928012859375001 0.6985950890625 0.88197525625 0.6988883125 0.881972996875 0.682256371875 0.8782146359375 0.6811443203125 0.8892685765625 0.697910740625 0.8928012859375001
5 0.7002239968749999 0.8714656015625 0.6836250625 0.867160684375 0.6823419171875 0.8791263015625 0.699963775 0.8824310890625 0.7002239968749999 0.8714656015625
4 0.7018268203125 0.8613143890625 0.6843094062499999 0.857132359375 0.6837961453125 0.8662490203125 0.69945051875 0.871035265625 0.7018268203125 0.8613143890625
3 0.7018268203125 0.8499165359375 0.6863624328125 0.845280703125 0.6847371234375 0.855536940625 0.70158909375 0.8598673546875 0.7018268203125 0.8499165359375
0 0.6963505078125001 0.8443957 0.6929492515625 0.8434573734375 0.692008278125 0.8466482015624999 0.6949167328125 0.8481296593750001 0.6963505078125001 0.8443957
17 0.704027384375 0.8359734015625 0.687190553125 0.8306435921875 0.685801371875 0.8406369828125 0.7023048046875 0.8458187390624999 0.704027384375 0.8359734015625
26 0.7054721296875 0.8254618375 0.6883574625 0.8199839828125001 0.6876350890625 0.8293111390625001 0.7042496515625001 0.8349370468749999 0.7054721296875 0.8254618375
14 0.70610041875 0.814809784375 0.6888019953125 0.80976851875 0.6882463234375 0.8192437281249999 0.7046941890625 0.82375925625 0.70610041875 0.814809784375