5 0.4875 0.01171875 0.03125 0.01875
36 0.4703125 0.33984375 0.0609375 0.1390625
36 0.4875 0.72265625 0.05625 0.1390625
15 0.4640625 0.3953125 0.03125 0.021875
26 0.4640625 0.37421875 0.034375 0.01875
11 0.465625 0.3515625 0.03125 0.01875
0 0.465625 0.33671875 0.009375 0.009375
2 0.465625 0.321875 0.03125 0.0125
8 0.46640625 0.29921875 0.03125 0.021875
2 0.4671875 0.278125 0.0328125 0.0125
23 0.4890625 0.66171875 0.0296875 0.01875
16 0.4890625 0.68046875 0.0296875 0.015625
23 0.4875 0.69921875 0.028125 0.01875
0 0.4875 0.7109375 0.00625 0.00625
9 0.48671875 0.7234375 0.028125 0.01875
7 0.48671875 0.7421875 0.028125 0.01875
9 0.48515625 0.76015625 0.028125 0.0171875
4 0.484375 0.778125 0.028125 0.015625
7 0.765741471875 0.3654060390625 0.7591633875 0.36242224843750004 0.7583817500000001 0.366512996875 0.7654723406249999 0.37000872500000004 0.765741471875 0.3654060390625
7 0.7667004125 0.3536081734375 0.760977909375 0.35100534375 0.7602521015625 0.35323666249999996 0.766281896875 0.3575505421875 0.7667004125 0.3536081734375
3 0.7661773546874999 0.3577345203125 0.7601962703125 0.35427794375 0.7594425453125 0.358777765625 0.7656956671875 0.3613065890625 0.7661773546874999 0.3577345203125
2 0.766090178125 0.36255827812499997 0.7599450296875 0.360042178125 0.759302965625 0.3620503640625 0.765974825 0.3646535671875 0.766090178125 0.36255827812499997
14 0.767746528125 0.339892428125 0.760716890625 0.3380541359375 0.7603539875 0.34136392187500003 0.7675283265624999 0.3442646359375 0.767746528125 0.339892428125
22 0.7675285875 0.3441350109375 0.760605228125 0.3415126765625 0.760130659375 0.34552904687499997 0.767221253125 0.348281003125 0.7675285875 0.3441350109375
31 0.7674414109375001 0.3484357109375 0.7611077093749999 0.345789365625 0.7603260703125 0.34950822656249997 0.7665512765625 0.3523345625 0.7674414109375001 0.3484357109375
0 0.7644774156249999 0.35110911875 0.7631176421875 0.350661075 0.7627547375 0.35162798125 0.764122609375 0.352632071875 0.7644774156249999 0.35110911875