36 0.471875 0.1984375 0.05625 0.165625
36 0.44921875 0.72265625 0.0671875 0.1625
7 0.4515625 0.78203125 0.034375 0.015625
1 0.45 0.7640625 0.03125 0.021875
9 0.44921875 0.74375 0.03125 0.01875
2 0.44765625 0.72578125 0.03125 0.0109375
0 0.446875 0.71171875 0.00625 0.00625
17 0.44609375 0.7 0.03125 0.0203125
26 0.44453125 0.67890625 0.03125 0.01875
14 0.44453125 0.65859375 0.03125 0.0203125
4 0.46953125 0.2640625 0.034375 0.0234375
4 0.4671875 0.2171875 0.0328125 0.01875
7 0.4671875 0.240625 0.03125 0.021875
0 0.46640625 0.19921875 0.009375 0.00625
17 0.465625 0.18203125 0.0328125 0.025
3 0.4640625 0.15703125 0.03125 0.025
10 0.4640625 0.134375 0.0359375 0.025