36 0.75703125 0.47578125 0.1359375 0.05
36 0.6427449484375 0.49324200312500005 0.5211021328125 0.507956859375 0.537582771875 0.563284721875 0.6560864203125 0.5473926765625 0.6427449484375 0.49324200312500005
36 0.11144051562499999 0.5214945281250001 0.1389082484375 0.5797653609375 0.28252525156249997 0.5373865734375001 0.25505751875 0.48323590000000005 0.11144051562499999 0.5214945281250001
20 0.14016614375 0.53392731875 0.1205378515625 0.5403442609375 0.11877633750000001 0.5405329937500001 0.13387502499999998 0.5699754328125 0.1557681203125 0.5641246921875 0.14016614375 0.53392731875
4 0.14469574999999998 0.532228715625 0.15828456875000002 0.5639359578125 0.17866779531250002 0.5590288859375 0.1645756875 0.5290202453124999 0.14469574999999998 0.532228715625
29 0.1655822671875 0.5280765765625001 0.1799260203125 0.556952815625 0.2020707609375 0.551857009375 0.186720428125 0.5237357046875 0.1655822671875 0.5280765765625001
0 0.1935148375 0.53449351875 0.1982960890625 0.5414766609375 0.2066003671875 0.5380794578125 0.201819115625 0.5318512484375 0.1935148375 0.53449351875
4 0.1975411546875 0.5214709015625 0.21314313125 0.549403471875 0.23251977968749998 0.5441189328125 0.2176727375 0.5156201609375 0.1975411546875 0.5214709015625
1 0.22069247500000003 0.51524269375 0.23453293749999998 0.5441189328125 0.25667767812500003 0.5371357890625 0.2408240578125 0.510524353125 0.22069247500000003 0.51524269375
7 0.2408240578125 0.509014484375 0.26045235 0.5373245234375 0.2745444578125 0.5318512484375 0.25994906093750003 0.502220075 0.2408240578125 0.509014484375
5 0.527447465625 0.5260005078125001 0.53575174375 0.556952815625 0.5546251015625 0.55261194375 0.5440560203125 0.5233582375 0.527447465625 0.5260005078125001
4 0.546069178125 0.522603303125 0.5568899046875 0.5529894109375 0.5727435265625 0.5499696734375 0.5636843140625001 0.5197723 0.546069178125 0.522603303125
3 0.565697471875 0.5192060984375 0.5747566843749999 0.5505358734375 0.5938816874999999 0.5469499359375 0.5828093171875001 0.5173187625 0.565697471875 0.5192060984375
0 0.58935208125 0.5290202453124999 0.590107015625 0.53751325625 0.5979080046874999 0.5358146546875 0.59539155625 0.527132909375 0.58935208125 0.5290202453124999
16 0.593126753125 0.5186398984375 0.60143103125 0.5461950015625 0.6192978109375 0.5435527312499999 0.6102385984375001 0.512977890625 0.593126753125 0.5186398984375
13 0.6117484671875 0.5146764921875 0.6205560343750001 0.5444963984375 0.6354030765625 0.5409104609375001 0.62860866875 0.5112792875000001 0.6117484671875 0.5146764921875
22 0.6301185359375 0.5109018203125 0.638926103125 0.541287928125 0.65326985625 0.5388343921875001 0.6457205125 0.50920321875 0.6301185359375 0.5109018203125
5 0.8109375 0.47421875 0.01875 0.028125
8 0.79453125 0.47421875 0.015625 0.0265625
8 0.76171875 0.47578125 0.015625 0.0265625
9 0.77734375 0.47578125 0.015625 0.025
0 0.7515625 0.4765625 0.00625 0.00625
26 0.73984375 0.47734375 0.0171875 0.028125
12 0.7234375 0.478125 0.015625 0.0265625
22 0.7046875 0.48046875 0.01875 0.028125