36 0.6078125 0.4265625 0.15625 0.05625
22 0.97890625 0.46640625 0.01875 0.034375
6 0.6734375 0.4234375 0.01875 0.0359375
7 0.65078125 0.42421875 0.01875 0.034375
2 0.6328125 0.42578125 0.0125 0.0328125
8 0.61328125 0.4265625 0.021875 0.034375
0 0.59921875 0.428125 0.00625 0.009375
10 0.58671875 0.42890625 0.01875 0.03125
30 0.56484375 0.4296875 0.01875 0.03125
22 0.54453125 0.43046875 0.01875 0.034375
2 0.275 0.45078125 0.015625 0.034375
8 0.2515625 0.453125 0.025 0.0359375
7 0.2265625 0.45546875 0.021875 0.034375
3 0.2046875 0.45703125 0.025 0.0359375
0 0.18984375 0.4578125 0.0125 0.00625
12 0.1588914359375 0.443173103125 0.1673996796875 0.47938631249999997 0.18718134375 0.4758766625 0.1799493375 0.44030157187499996 0.1588914359375 0.443173103125
32 0.13315400156249999 0.44556604687499995 0.14208765625 0.4806625484375 0.1631455578125 0.47874819375 0.1576152 0.4430135734375 0.13315400156249999 0.44556604687499995
22 0.1116706890625 0.44748040156249996 0.11847698437500001 0.4841721984375 0.141874653125 0.4806625484375 0.13187746718749999 0.44365169218749995 0.1116706890625 0.44748040156249996