36 0.4203125 0.48671875 0.05 0.13125
36 0.64921875 0.73671875 0.025 0.0640625
3 0.64765625 0.76484375 0.0125 0.009375
4 0.64765625 0.75390625 0.0125 0.009375
4 0.64765625 0.74453125 0.0125 0.009375
0 0.64765625 0.7375 0.003125 0.003125
29 0.64765625 0.73046875 0.0125 0.009375
9 0.64765625 0.7203125 0.0125 0.009375
24 0.6533769421875 0.7056684343749999 0.64035421875 0.7053586421875 0.6402767046875 0.714032909375 0.653066878125 0.714755771875 0.6533769421875 0.7056684343749999
22 0.434375 0.97421875 0.0296875 0.01875
7 0.42265625 0.540625 0.028125 0.015625
2 0.421875 0.52421875 0.028125 0.0125
2 0.42109375 0.5078125 0.028125 0.0125
6 0.4203125 0.4921875 0.028125 0.01875
0 0.4203125 0.47890625 0.0078125 0.00625
17 0.41953125 0.4671875 0.028125 0.01875
22 0.41875 0.45078125 0.0265625 0.01875
14 0.41875 0.43359375 0.028125 0.01875