36 0.496875 0.1890625 0.025 0.06875
36 0.45390625 0.41328125 0.021875 0.071875
36 0.5203125 0.6515625 0.028125 0.0796875
36 0.51640625 0.878125 0.0234375 0.08125
6 0.51640625 0.90625 0.0140625 0.009375
4 0.5171875 0.89609375 0.0140625 0.009375
9 0.5171875 0.88671875 0.0125 0.0078125
5 0.5171875 0.878125 0.0140625 0.009375
0 0.51640625 0.871875 0.003125 0.003125
32 0.51640625 0.865625 0.0140625 0.009375
34 0.51640625 0.85625 0.0125 0.009375
22 0.51640625 0.846875 0.0125 0.009375
7 0.51875 0.68046875 0.015625 0.0078125
6 0.51953125 0.67109375 0.015625 0.009375
3 0.51875 0.66171875 0.015625 0.009375
2 0.51875 0.65234375 0.015625 0.00625
0 0.51875 0.6453125 0.0046875 0.0046875
32 0.51875 0.6390625 0.0140625 0.009375
20 0.51796875 0.62890625 0.015625 0.009375
23 0.51875 0.61953125 0.015625 0.009375
1 0.4546875 0.44140625 0.015625 0.009375
3 0.4546875 0.43203125 0.015625 0.0078125
6 0.45390625 0.4234375 0.015625 0.009375
4 0.45390625 0.4140625 0.015625 0.0078125
0 0.45390625 0.4078125 0.003125 0.003125
11 0.45390625 0.4015625 0.015625 0.009375
25 0.453125 0.3921875 0.0140625 0.009375
26 0.453125 0.38359375 0.0140625 0.009375
5 0.4953125 0.21484375 0.0125 0.0078125
8 0.49453125 0.20625 0.0125 0.009375
1 0.4953125 0.196875 0.0140625 0.009375
8 0.4953125 0.18828125 0.0125 0.0078125
0 0.49453125 0.1828125 0.003125 0.003125
33 0.49453125 0.178125 0.0140625 0.0078125
31 0.49453125 0.16875 0.0125 0.0078125
22 0.49453125 0.16015625 0.0140625 0.00625