36 0.44140625 0.5703125 0.1953125 0.08125
23 0.521875 0.58203125 0.028125 0.0484375
10 0.4921875 0.58046875 0.025 0.04375
11 0.46171875 0.57734375 0.0265625 0.0484375
0 0.4421875 0.5796875 0.009375 0.0125
4 0.42109375 0.578125 0.03125 0.0484375
7 0.39140625 0.57734375 0.028125 0.0453125
8 0.3609375 0.57578125 0.034375 0.046875
36 0.7671875 0.23984375 0.075 0.034375
2 0.7359375 0.24296875 0.0078125 0.01875
3 0.746875 0.24296875 0.0109375 0.0171875
3 0.759375 0.24296875 0.0125 0.0171875
0 0.76796875 0.24375 0.003125 0.0046875
19 0.775 0.2421875 0.0125 0.0171875
34 0.7875 0.24296875 0.0125 0.0171875
16 0.7984375 0.24375 0.0109375 0.015625