36 0.26484375 0.68515625 0.178125 0.071875
33 0.33359375 0.6859375 0.0265625 0.0390625
12 0.3078125 0.68671875 0.025 0.0390625
28 0.28046875 0.6875 0.025 0.0375
0 0.2625 0.68984375 0.009375 0.00625
7 0.24375 0.6890625 0.0265625 0.0375
7 0.21640625 0.68984375 0.021875 0.0375
9 0.1921875 0.69140625 0.028125 0.0375
36 0.6625 0.7609375 0.1828125 0.06875
5 0.590625 0.76875 0.028125 0.0390625
1 0.61796875 0.76796875 0.028125 0.0390625
6 0.64453125 0.7671875 0.0265625 0.0390625
0 0.66171875 0.76640625 0.009375 0.009375
16 0.68046875 0.7671875 0.028125 0.0390625
22 0.7078125 0.76484375 0.0265625 0.040625
13 0.734375 0.76484375 0.0265625 0.040625
36 0.8515625 0.54296875 0.08125 0.025
5 0.8859375 0.5421875 0.0125 0.01875
8 0.8734375 0.54375 0.0125 0.01875
3 0.8609375 0.5453125 0.0140625 0.0171875
0 0.85234375 0.54453125 0.0046875 0.003125
19 0.84375 0.5453125 0.0125 0.01875
27 0.83203125 0.546875 0.0140625 0.01875
17 0.81875 0.54765625 0.0140625 0.01875