24 0.48828125 0.12265625 0.065625 0.1625
24 0.4828125 0.50703125 0.08125 0.19375
24 0.725 0.44140625 0.0296875 0.075
24 0.734375 0.1953125 0.03125 0.075
13 0.51796875 0.9875 0.04375 0.021875
14 0.51953125 0.959375 0.0390625 0.0265625
0 0.51953125 0.940625 0.0109375 0.0109375
7 0.52109375 0.92265625 0.0421875 0.025
3 0.52109375 0.89296875 0.040625 0.0234375
1 0.525 0.86640625 0.040625 0.028125
2 0.475 0.58125 0.0375 0.0125
2 0.47734375 0.55546875 0.0390625 0.0109375
3 0.4796875 0.5296875 0.0375 0.021875
9 0.4796875 0.50703125 0.0359375 0.025
0 0.48203125 0.48828125 0.009375 0.009375
28 0.4828125 0.47265625 0.0390625 0.021875
13 0.484375 0.44609375 0.0375 0.025
10 0.4859375 0.42265625 0.0359375 0.01875
1 0.48671875 0.18671875 0.034375 0.01875
4 0.4875 0.16640625 0.034375 0.01875
8 0.4875 0.14453125 0.034375 0.0171875
6 0.4875 0.12421875 0.034375 0.021875
0 0.48828125 0.11015625 0.00625 0.00625
13 0.4890625 0.09609375 0.034375 0.0171875
21 0.48984375 0.0765625 0.034375 0.01875
23 0.48984375 0.05859375 0.034375 0.01875
13 0.73203125 0.1828125 0.015625 0.009375
0 0.73203125 0.1890625 0.003125 0.003125
9 0.73203125 0.1953125 0.015625 0.009375
7 0.73203125 0.2046875 0.0171875 0.009375
8 0.73203125 0.21484375 0.015625 0.009375
8 0.73125 0.225 0.015625 0.009375
6 0.721875 0.471875 0.015625 0.0109375
6 0.72265625 0.46171875 0.015625 0.009375
6 0.72265625 0.44296875 0.015625 0.009375
9 0.72265625 0.4515625 0.015625 0.009375
0 0.7234375 0.4359375 0.003125 0.003125
32 0.7234375 0.4296875 0.015625 0.00625
20 0.72421875 0.4203125 0.015625 0.009375
23 0.72421875 0.4109375 0.015625 0.009375