36 0.49140625 0.4984375 0.0859375 0.2015625
36 0.89609375 0.6984375 0.01875 0.046875
6 0.490625 0.5765625 0.0421875 0.028125
8 0.4921875 0.55078125 0.040625 0.025
9 0.49296875 0.525 0.0390625 0.028125
2 0.4921875 0.5015625 0.040625 0.0125
0 0.49140625 0.48515625 0.015625 0.0125
24 0.49296875 0.4671875 0.04375 0.025
28 0.49453125 0.4421875 0.0421875 0.025
22 0.49375 0.415625 0.040625 0.0234375
23 0.54765625 0.896875 0.034375 0.021875
21 0.54609375 0.91875 0.034375 0.021875
13 0.5453125 0.93984375 0.034375 0.021875
0 0.5453125 0.95546875 0.009375 0.009375
6 0.54609375 0.96953125 0.0328125 0.0203125
8 0.54609375 0.990625 0.034375 0.01875
6 0.803125 0.30078125 0.015625 0.009375
3 0.803125 0.290625 0.015625 0.009375
4 0.803125 0.28046875 0.015625 0.009375
8 0.803125 0.2703125 0.015625 0.009375
0 0.803125 0.26328125 0.0046875 0.003125
1 0.80546875 0.0390625 0.01875 0.009375
8 0.80625 0.02890625 0.015625 0.009375
6 0.80703125 0.01875 0.015625 0.009375
5 0.80703125 0.00859375 0.015625 0.009375