2 0.43125 0.603125 0.165625 0.0625
2 0.15390625 0.33203125 0.0734375 0.028125
2 0.49921875 0.59453125 0.01875 0.034375
2 0.48046875 0.59765625 0.025 0.034375
2 0.459375 0.6015625 0.015625 0.0359375
2 0.43984375 0.60390625 0.01875 0.0359375
0 0.4265625 0.60625 0.0078125 0.009375
6 0.18046875 0.33125 0.009375 0.015625
7 0.1703125 0.33203125 0.009375 0.0125
7 0.16171875 0.33203125 0.0078125 0.0140625
9 0.153125 0.33203125 0.0078125 0.0125
0 0.1484375 0.3328125 0.003125 0.003125
13 0.1367871359375 0.326530028125 0.14031699375 0.3409928453125 0.1473025875 0.33886887187500003 0.1452257890625 0.3251338390625 0.1367871359375 0.326530028125
23 0.128080140625 0.3273263984375 0.13106578124999999 0.3408512453125 0.139372990625 0.3401432546875 0.1363521890625 0.3264082234375 0.128080140625 0.3273263984375
22 0.11916077968750001 0.3281227703125 0.1227585859375 0.34155923593750004 0.13106578124999999 0.34000165625 0.1272897828125 0.3271162140625 0.11916077968750001 0.3281227703125
34 0.39927119375000003 0.5934737671875 0.40717497187499996 0.6295330875 0.42756536250000005 0.6244355390624999 0.4185029703125 0.59016875625 0.39927119375000003 0.5934737671875
29 0.376972790625 0.596818528125 0.3862181640625 0.6319402484375 0.40623096875 0.6281171 0.3971685625 0.593283921875 0.376972790625 0.596818528125
22 0.35638775625 0.60234620625 0.3639397546875 0.6370377859375 0.38470775625 0.632081846875 0.37677815937500003 0.5972486671875 0.35638775625 0.60234620625