36 0.5203125 0.22421875 0.046875 0.128125
26 0.5171875 0.27578125 0.028125 0.0203125
17 0.51796875 0.25625 0.0265625 0.0203125
20 0.5171875 0.2375 0.028125 0.01875
0 0.5171875 0.22421875 0.0078125 0.00625
1 0.51640625 0.21015625 0.025 0.01875
7 0.5171875 0.19140625 0.028125 0.0171875
4 0.515625 0.171875 0.028125 0.01875
7 0.51640625 0.19140625 0.028125 0.015625
36 0.48972959375 0.57603985 0.4414714125 0.58411336875 0.45304499531250003 0.7029559734374999 0.5006674984374999 0.6961288515625 0.48972959375 0.57603985
23 0.47819782499999997 0.57906806875 0.45150517187499994 0.5837509546875 0.4538364640625 0.6000623734375 0.4799802140625 0.596178703125 0.47819782499999997 0.57906806875
10 0.479966575 0.5966862093749999 0.4536699390625 0.6010610328125 0.45500210937499996 0.6152641625 0.48072955781250004 0.6097160640625 0.479966575 0.5966862093749999
31 0.480902971875 0.6119460171875 0.4549188453125 0.6172614828125 0.4565007953125 0.631020771875 0.4829775875 0.6284686421875 0.480902971875 0.6119460171875
0 0.46953125 0.63203125 0.00625 0.00625
2 0.48322736875 0.6371236812500001 0.4573334 0.641229271875 0.45783295312499994 0.647887 0.483560409375 0.6434485109375 0.48322736875 0.6371236812500001
3 0.4837121640625 0.64926318125 0.45891534375000004 0.6526583515625 0.4606638140625 0.6694136187499999 0.48564191875 0.6637545499999999 0.4837121640625 0.64926318125
9 0.48496069375 0.6646617140625 0.46024751249999996 0.6696355390625001 0.46282857499999996 0.6829509781249999 0.488306246875 0.6787344203125001 0.48496069375 0.6646617140625
2 0.487561796875 0.6840832875 0.4617461984375 0.6882771578125 0.4621625 0.69537871875 0.48764016874999994 0.6919389078125 0.487561796875 0.6840832875
36 0.51796875 0.88046875 0.040625 0.13125
7 0.53351558125 0.9178828593749999 0.5085638890624999 0.9253710984374999 0.5107851625000001 0.935238778125 0.5352191000000001 0.9324194374999999 0.53351558125 0.9178828593749999
8 0.5323259734375 0.90378381875 0.5087754437500001 0.9102876203125 0.5096216359375 0.924384321875 0.533526703125 0.9177588765625 0.5323259734375 0.90378381875
8 0.531532903125 0.8888035859375 0.507294596875 0.895768025 0.5088812171875 0.91099245625 0.5323631765625 0.9035212109374999 0.531532903125 0.8888035859375
5 0.5311363671875 0.8731184031250001 0.5063426234375 0.8799797140625 0.5078234703125 0.89308965 0.53299783125 0.8878738640625 0.5311363671875 0.8731184031250001
0 0.51875 0.8734375 0.00625 0.00625
26 0.5290215109374999 0.8523223156249999 0.504861778125 0.857847896875 0.506448396875 0.8749049031249999 0.5308823375 0.8667288125000001 0.5290215109374999 0.8523223156249999
19 0.5290215109374999 0.8398094171875 0.5038068953125 0.8436035609375001 0.5054992953124999 0.8560086515625001 0.5302505546875 0.8520615812500001 0.5290215109374999 0.8398094171875
23 0.5279640828125001 0.8211281859374999 0.5027491484375 0.826405578125 0.5043357671875001 0.84275775 0.5290870359375 0.8366961749999999 0.5279640828125001 0.8211281859374999