36 0.39921875 0.46875 0.06875 0.20625
36 0.5359375 0.9203125 0.0625 0.1515625
24 0.53125 0.98203125 0.040625 0.0203125
30 0.53359375 0.96015625 0.040625 0.021875
17 0.5296875 0.9375 0.034375 0.025
0 0.528125 0.92109375 0.00625 0.0078125
1 0.528125 0.90546875 0.034375 0.021875
3 0.5265625 0.8828125 0.034375 0.021875
1 0.52421875 0.859375 0.03125 0.021875
14 0.39453125 0.38515625 0.040625 0.0296875
22 0.4163515515625 0.39655218593749997 0.3751546390625 0.40390330781249995 0.3789833484375 0.4271818609375 0.41941451875 0.420851728125 0.4163515515625 0.39655218593749997
16 0.41941451875 0.4224853109375 0.3776050140625 0.42942803749999997 0.3828120578125 0.45107300625 0.42293693125000004 0.44433447812500004 0.41941451875 0.4224853109375
0 0.40234375 0.45234375 0.0078125 0.009375
5 0.419720815625 0.4529107875 0.3818931671875 0.46169129375000006 0.3860281734375 0.4835404625 0.42523415781249996 0.477822921875 0.419720815625 0.4529107875
9 0.42324322812500004 0.48088589062500003 0.3846498390625 0.48578663750000006 0.3895505859375 0.5060022234375 0.42768453125 0.5023266625 0.42324322812500004 0.48088589062500003
6 0.4275313828125 0.5062064203125 0.38909114218749996 0.509065190625 0.392154109375 0.5327521390625 0.43013490625 0.5270346 0.4275313828125 0.5062064203125
1 0.4328915765625 0.5509257453124999 0.43059434999999996 0.5296891718750001 0.43013490625 0.52764719375 0.39001003125 0.5339773265625001 0.39337929531250004 0.5574600765625 0.4328915765625 0.5509257453124999
0 0.8171875 0.19609375 0.003125 0.003125
4 0.8171875 0.20078125 0.009375 0.0078125