36 0.5171875 0.74453125 0.065625 0.1609375
4 0.5171875 0.81015625 0.0359375 0.021875
6 0.51484375 0.78984375 0.034375 0.01875
6 0.5171875 0.76875 0.03125 0.015625
5 0.5171875 0.75 0.034375 0.01875
0 0.51640625 0.73515625 0.0078125 0.00625
13 0.5171875 0.7203125 0.034375 0.0203125
25 0.51640625 0.70078125 0.0328125 0.01875
14 0.5171875 0.68046875 0.034375 0.01875
36 0.60625 0.26328125 0.06875 0.16875
15 0.6015625 0.19140625 0.034375 0.025
25 0.60234375 0.21875 0.034375 0.0265625
21 0.603125 0.2453125 0.0375 0.028125
0 0.60234375 0.2625 0.009375 0.00625
3 0.60234375 0.28046875 0.034375 0.0265625
1 0.6015625 0.33203125 0.034375 0.0265625