36 0.4609375 0.58515625 0.2046875 0.0671875
1 0.5421875 0.57421875 0.0265625 0.04375
8 0.51796875 0.578125 0.028125 0.0453125
7 0.490625 0.58125 0.021875 0.04375
4 0.4671875 0.58203125 0.025 0.04375
0 0.45 0.584375 0.009375 0.009375
25 0.43203125 0.58671875 0.0265625 0.040625
28 0.41492714687500004 0.5673249125 0.39358207031250003 0.569888009375 0.39274515625 0.569888009375 0.40006138281250003 0.610855703125 0.418968359375 0.60929255625 0.41492714687500004 0.5673249125
22 0.3629751078125 0.572544221875 0.37131975625 0.6165060625 0.3994957359375 0.6114757 0.391405615625 0.567669590625 0.3629751078125 0.572544221875
36 0.87682493125 0.32222906562500003 0.7623707375000001 0.34371836718750004 0.77620505 0.39258909375 0.8880932390625 0.3672419640625 0.87682493125 0.32222906562500003
34 0.8629926015624999 0.33956676875 0.86895763125 0.3671914875 0.8854289281250001 0.36259177343750004 0.8787237937500001 0.3347745203125 0.8629926015624999 0.33956676875
34 0.8454891609375 0.34284866406250003 0.8516117124999999 0.3683961671875 0.868228821875 0.3655487359375 0.8612321312500001 0.339702775 0.8454891609375 0.34284866406250003
19 0.8505913640625 0.36850568125 0.844031990625 0.34123600781249996 0.8402928265625 0.34264354531249996 0.8312047843749999 0.36270129375 0.835286159375 0.372338765625 0.8505913640625 0.36850568125
0 0.8233363671875 0.3578223125 0.824208109375 0.3644535671875 0.8332454640625 0.3631393609375 0.8319335921875 0.35678738593750003 0.8233363671875 0.3578223125
3 0.8215843671874999 0.3495592828125 0.8059876218750001 0.35010686875 0.8052859421875 0.3514636390625 0.8099232531249999 0.3777050875 0.827269153125 0.3738720015625 0.8215843671874999 0.3495592828125
4 0.7855945703125 0.3559762453125 0.791557003125 0.3812096265625 0.8096317296875 0.37825267500000004 0.8036554031250001 0.35196865 0.7855945703125 0.3559762453125
2 0.7721934984375001 0.359258140625 0.7793128421875 0.3837285109375 0.786746803125 0.382852378125 0.7810620078125 0.357006421875 0.7721934984375001 0.359258140625