36 0.38078237656249997 0.0922109734375 0.41825385156249995 0.24398412656250001 0.46986549687499995 0.21664611875 0.43592907812500004 0.076185334375 0.41924945625000004 0.081350828125 0.38078237656249997 0.0922109734375
36 0.5476364953124999 0.52207766875 0.5243423265625 0.43486345625 0.4889547375 0.45514669531249996 0.5129930203125 0.5456449953125 0.5476364953124999 0.52207766875
36 0.5914710234375 0.791687128125 0.5776251765625 0.742366465625 0.5426874265625 0.7464379140624999 0.5582416109375 0.803942215625 0.5914710234375 0.791687128125
36 0.611260653125 0.91903643125 0.595916303125 0.8685487359374999 0.5631840375 0.8785008109374999 0.5766172046875 0.9341195453125 0.611260653125 0.91903643125
8 0.4480377328125 0.20534667343750002 0.41990341249999996 0.218246503125 0.42600697343749994 0.23742932187500002 0.45369094531250004 0.22289686875 0.4480377328125 0.20534667343750002
7 0.4443598015625 0.18246176249999999 0.4148897765625 0.1993543015625 0.420121403125 0.213596096875 0.4497672328125 0.20458598281249998 0.4443598015625 0.18246176249999999
4 0.4372491328125 0.162519196875 0.40835024999999997 0.1749398 0.4151077671875 0.1973197765625 0.44388166250000005 0.1830779609375 0.4372491328125 0.162519196875
0 0.4247441625 0.1592499234375 0.417505590625 0.16273252968750002 0.42099333593750005 0.1711613484375 0.4270968953125 0.1685455078125 0.4247441625 0.1592499234375
21 0.4297126953125 0.1293078953125 0.4000668734375 0.1450029609375 0.4070423515625 0.16738291562500002 0.433200440625 0.1470374859375 0.4297126953125 0.1293078953125
3 0.42646053124999994 0.107595409375 0.39287339062500004 0.1232043 0.40028484999999997 0.1450029609375 0.43167455156249995 0.129017278125 0.42646053124999994 0.107595409375
20 0.4205758390625 0.08405664375 0.3867698453125 0.09791780624999999 0.395489203125 0.12175105156249999 0.427314871875 0.1077998734375 0.4205758390625 0.08405664375
11 0.5162020765625 0.44138818750000003 0.49327538125 0.45547040625 0.49916095 0.468549609375 0.5209593531250001 0.455761084375 0.5162020765625 0.44138818750000003
36 0.5211059859375 0.45577298906249997 0.49828901718749996 0.4694215640625 0.5026486968749999 0.482210109375 0.524883065625 0.4711654515625 0.5211059859375 0.45577298906249997
31 0.5245387234375001 0.4708116453125 0.5024307125 0.4845353125 0.506572409375 0.4967425625 0.5279348390624999 0.4859885421875 0.5245387234375001 0.4708116453125
0 0.5193896171875 0.49042728437500005 0.51332991875 0.4944173796875 0.51485579375 0.49761451718750005 0.5205233859375 0.49470801875000003 0.5193896171875 0.49042728437500005
9 0.527976428125 0.49224504375 0.5078769515625 0.5045918875 0.5112594421875001 0.51679553125 0.53165388125 0.502469503125 0.527976428125 0.49224504375
6 0.5316692609375 0.5046290875 0.5103640796875 0.51759141875 0.515338334375 0.529927721875 0.5351358578125 0.5146731546875001 0.5316692609375 0.5046290875
2 0.5352501890625 0.5183559796874999 0.5146419375 0.533774534375 0.517129065625 0.5401416515624999 0.537722475 0.5244891359375 0.5352501890625 0.5183559796874999
3 0.56814996875 0.744551296875 0.5474025703125001 0.751740440625 0.5509840359375 0.7619543609375 0.570483109375 0.7520057375 0.56814996875 0.744551296875
2 0.5705825953125 0.7530669296875 0.5511830046874999 0.7616890734374999 0.5527747671875 0.7664644078125 0.5723733234374999 0.7575769671875 0.5705825953125 0.7530669296875
8 0.5724023218750001 0.75977024375 0.553371671875 0.7677908953125 0.5563562296875 0.775749796875 0.57486045 0.7664644078125 0.5724023218750001 0.75977024375
0 0.5674785453125 0.7705130296875 0.5632207 0.7721682890625 0.56391709375 0.7746886125 0.5677970125 0.773494778125 0.5674785453125 0.7705130296875
20 0.5747609687499999 0.7704438625 0.5559582875 0.7784027625000001 0.5588433562499999 0.7851678375 0.5782429453125 0.7762803875000001 0.5747609687499999 0.7704438625
36 0.57788561875 0.77752568125 0.5585449031249999 0.7846372374999999 0.561529453125 0.7912696593749999 0.5806305875 0.7842392984375001 0.57788561875 0.77752568125
33 0.58034750625 0.7851351531249999 0.5609325390625 0.7937899828125 0.5636186390625 0.7981673859375 0.5823218296875 0.7912696593749999 0.58034750625 0.7851351531249999
22 0.5875093640625 0.87122664375 0.56937301875 0.8779733750000001 0.57215859375 0.8865955203125001 0.5904638515625 0.8791672109374999 0.5875093640625 0.87122664375
10 0.5904188687499999 0.8804773750000001 0.5718601453125001 0.8865955203125001 0.574247784375 0.894421778125 0.591956128125 0.8851363796875 0.5904188687499999 0.8804773750000001
17 0.592097428125 0.8856995624999999 0.5736508703125 0.8945544296874999 0.5762374890624999 0.9022480359375 0.59444325625 0.8929626374999999 0.592097428125 0.8856995624999999
0 0.5868823890625 0.8965441437500001 0.5832014375 0.8978706328125 0.5838978375 0.9015847906250001 0.5876782656249999 0.899329771875 0.5868823890625 0.8965441437500001
3 0.594783125 0.8964423484375 0.5763369734375 0.9034418703125 0.5789235859375 0.9117987203125001 0.5967314109374999 0.9019827312500001 0.594783125 0.8964423484375
9 0.5962378765625 0.9037534109375001 0.5789235859375 0.911533415625 0.5802168875 0.9161761046875 0.5986216265625 0.9098089874999999 0.5962378765625 0.9037534109375001
9 0.6004902296875 0.9170326875000001 0.5824055609375 0.9238697109375 0.5850916578125 0.9287777046875 0.601407209375 0.9229411984375 0.6004902296875 0.9170326875000001
3 0.5984759578125 0.910318446875 0.5809132859374999 0.916706696875 0.5831019562499999 0.9236044421875 0.6008103 0.91564553125 0.5984759578125 0.910318446875
3 0.6225353203124999 0.9494102484375 0.606911071875 0.9556283078125001 0.6092987140624999 0.9614648328125 0.624022503125 0.9557609609375 0.6225353203124999 0.9494102484375
8 0.6243257859375 0.9561244890625 0.608801290625 0.9617301375 0.610790990625 0.9673013953125 0.6249178718749999 0.9613321984375001 0.6243257859375 0.9561244890625
5 0.6252210171875 0.9616450875 0.6096966562499999 0.967168725 0.6120842953125 0.972474659375 0.6278029375 0.9666381515625 0.6252210171875 0.9616450875
20 0.6274590984375 0.9686577390625001 0.612283265625 0.9743317375 0.61427296875 0.9809641609374999 0.6289967546875 0.9740664328124999 0.6274590984375 0.9686577390625001
32 0.6288972734375 0.9749949828125001 0.6144719390625 0.9803009156250001 0.6163621546875 0.98627009375 0.63048903125 0.9801682640625 0.6288972734375 0.9749949828125001
28 0.63048050625 0.9801465515625001 0.6157652437500001 0.9860047890624999 0.617754946875 0.9906474968750001 0.6321802812499999 0.9849436062500001 0.63048050625 0.9801465515625001