36 0.11561827656250001 0.443395534375 0.033401815625 0.4341363875 0.01773835625 0.466666571875 0.1044717875 0.47686399531249996 0.11561827656250001 0.443395534375
36 0.32953256406250003 0.4476092484375 0.3219088421875 0.483814115625 0.406900665625 0.4932271046875 0.41526050625 0.4589742078125 0.32953256406250003 0.4476092484375
36 0.564150859375 0.524363725 0.5581133656249999 0.5585362843749999 0.6577349265625 0.5731787171875 0.665049796875 0.5378799328125 0.564150859375 0.524363725
5 0.5868326875000001 0.3759097265625 0.584003946875 0.3873260703125 0.5900189765625 0.3883043640625 0.59432974375 0.37682824843749996 0.5868326875000001 0.3759097265625
8 0.5799392421875 0.3755572203125 0.5768360453125 0.386347778125 0.5835026984375 0.3880786015625 0.5867107093749999 0.3764519796875 0.5799392421875 0.3755572203125
22 0.029752157812500003 0.4412884859375 0.021873143749999997 0.460007890625 0.033085381250000004 0.46086380312499997 0.0399267359375 0.442176353125 0.029752157812500003 0.4412884859375
10 0.0417801296875 0.4429590375 0.0334654484375 0.4605784984375 0.0440125515625 0.462361653125 0.049143571875 0.4440308296875 0.0417801296875 0.4429590375
17 0.050838232812499995 0.44385 0.0436324671875 0.4625756359375 0.054369604687499996 0.46400215781250004 0.0626362484375 0.44560000625 0.050838232812499995 0.44385
0 0.0593105921875 0.451948034375 0.0576002484375 0.45715484375 0.06111594687500001 0.4573688234375 0.0633013875 0.45287527499999997 0.0593105921875 0.451948034375
6 0.0677664890625 0.4466342515625 0.059215571875 0.46350287031250004 0.070332784375 0.46564265625 0.077554221875 0.44688387656249995 0.0677664890625 0.4466342515625
6 0.0888614765625 0.45066416406250004 0.0816400296875 0.46571398124999996 0.092567209375 0.468567028125 0.1008338515625 0.44916631406249996 0.0888614765625 0.45066416406250004
6 0.102216978125 0.45175727656250003 0.092567209375 0.468424375 0.104444571875 0.4706354859375 0.11299626874999999 0.44959427031250004 0.102216978125 0.45175727656250003
1 0.0789035015625 0.4476365828125 0.0702377625 0.4652860234375 0.07992969531250001 0.4676397859375 0.0888614765625 0.4483104015625 0.0789035015625 0.4476365828125
22 0.3293869640625 0.45711500781250003 0.3243439375 0.4772842984375 0.335883653125 0.4785217734375 0.34119558437499997 0.45803472031250003 0.3293869640625 0.45711500781250003
32 0.34169589375 0.4581884609375 0.3366163328125 0.47742179531250006 0.3467822671875 0.4793467546875 0.3519110328125 0.459272190625 0.34169589375 0.4581884609375
26 0.35236895 0.459409690625 0.34705702031249996 0.4791405078125 0.35960417499999997 0.48072172343749997 0.362718059375 0.46044091875 0.35236895 0.459409690625
0 0.3613043046875 0.46860095625 0.3602452671875 0.47309064218749997 0.3640002515625 0.4735718828125 0.3657403640625 0.4688282328125 0.3613043046875 0.46860095625
1 0.3670293875 0.46173085625 0.3630843984375 0.4804467328125 0.37325035 0.48292167656249996 0.377921171875 0.462228375 0.3670293875 0.46173085625
1 0.39050223125 0.4638777625 0.385064809375 0.48395290468749996 0.3952307515625 0.4856716171875 0.40100060156249995 0.46545955625 0.39050223125 0.4638777625
8 0.3784795546875 0.4626969640625 0.373891434375 0.48237168906249994 0.384698478125 0.4849841296875 0.3899188125 0.46325960312500003 0.3784795546875 0.4626969640625
7 0.412815059375 0.466422034375 0.402740721875 0.46532205937500004 0.4023817796875 0.46559528749999995 0.39678768125 0.4853966234375 0.4068620375 0.48684033906249996 0.412815059375 0.466422034375
1 0.564754378125 0.5368662296875 0.560793978125 0.5581719203125 0.5744353671875 0.560484159375 0.578945825 0.538682996875 0.564754378125 0.5368662296875
3 0.5785833421875 0.5388965953125 0.574985425 0.5600712609375 0.5891768734375 0.5624660859375 0.5926972296875 0.5406649171875 0.5785833421875 0.5388965953125
3 0.5935406578125 0.5409596734375001 0.5896169171875 0.5624660859375 0.604578440625 0.56461316875 0.6084288375 0.5426468421874999 0.5935406578125 0.5409596734375001
0 0.6074664328125 0.5512750640624999 0.606668659375 0.556107415625 0.612169221875 0.5573461203125001 0.613709371875 0.552308728125 0.6074664328125 0.5512750640624999
22 0.61468720625 0.5425069828125 0.6107390734375 0.56543896875 0.6268007234375 0.5680815406249999 0.6306511218749999 0.5453719875 0.61468720625 0.5425069828125
30 0.6305041375 0.54444111875 0.627556684375 0.5674180421874999 0.6403179859375 0.569317390625 0.6451584859375 0.546112359375 0.6305041375 0.54444111875
22 0.6457085328125001 0.546442678125 0.6409780578125 0.5698128671875 0.657039696875 0.572372853125 0.6619902 0.5486723421875 0.6457085328125001 0.546442678125
22 0.881997934375 0.5293868421875 0.8754306984375001 0.553440434375 0.8920752390625 0.555055340625 0.8986424859375 0.53066176875 0.881997934375 0.5293868421875
31 0.8993267656249999 0.530634215625 0.892981075 0.5551403328125 0.908833021875 0.5575202 0.915287028125 0.532956634375 0.8993267656249999 0.530634215625
30 0.9159601234375 0.5331557625000001 0.911324046875 0.5579451765625 0.9260437078124999 0.5592200984375 0.9315918984374999 0.5337215875 0.9159601234375 0.5331557625000001
0 0.93004534375 0.544478853125 0.9291328328124999 0.5495799296875 0.9338884203125 0.5504298828125 0.93592653125 0.5460951390625 0.93004534375 0.544478853125
9 0.937902 0.5367390125 0.9318503187499999 0.5613942453125 0.9456641765624999 0.5622441953124999 0.9547224265625 0.5388705578125 0.937902 0.5367390125
4 0.9552431609375001 0.5376680031250001 0.94972000625 0.56233228125 0.966817471875 0.5639471875 0.971346596875 0.5393836265624999 0.9552431609375001 0.5376680031250001
3 0.9729382234375 0.5408531140624999 0.966251328125 0.5665820328125 0.9853869046874999 0.568366928125 0.98878374375 0.542443453125 0.9729382234375 0.5408531140624999
5 1 0.54334783125 0.9897086640625 0.5419407234375 0.9846101546874999 0.5694480375000001 1 0.57083388125 1 0.54334783125