2 0.08378790781249999 0.909870253125 0.10324895781250001 0.941305546875 0.11108654375 0.9362020937500001 0.0896638359375 0.9024407078125 0.08378790781249999 0.909870253125
2 0.0419315171875 0.9494178312500001 0.071758321875 0.984146721875 0.07909569375 0.9727765875 0.048141128125 0.9410780265625001 0.0419315171875 0.9494178312500001
8 0.054407725 0.9384473734375 0.07817850937500001 0.970881559375 0.0910189359375 0.9589946046875 0.0648795296875 0.9245396453125 0.054407725 0.9384473734375
7 0.06688393125 0.9245729718750001 0.0914775140625 0.9586500515624999 0.10019065 0.9415948484375001 0.0788664046875 0.909227053125 0.06688393125 0.9245729718750001
0 0.0515625 0.971875 0.009375 0.0078125
36 0.119331071875 0.6913576890625001 0.06014439218749999 0.7369878046875 0.10213684218750001 0.775782846875 0.1593710109375 0.727639596875 0.119331071875 0.6913576890625001
36 0.2908727453125 0.6411764140625 0.2669214703125 0.6624435734375 0.28527373125 0.6944611843749999 0.30953605624999997 0.6720254828125001 0.2908727453125 0.6411764140625
36 0.278125 0.44140625 0.028125 0.0109375
36 0.4796875 0.4625 0.0328125 0.0140625
36 0.5796875 0.4359375 0.03125 0.009375
36 0.67734375 0.440625 0.03125 0.0125
36 0.839529615625 0.6442465875 0.808457934375 0.67131018125 0.844961865625 0.71634728125 0.887229521875 0.673619759375 0.839529615625 0.6442465875
2 0.8683825734375 0.6812411828125 0.8475989296875 0.703369459375 0.8526957140625001 0.7050588765625 0.8733825359375 0.6844479734375 0.8683825734375 0.6812411828125
2 0.8565696296875001 0.670061075 0.8386046484375 0.6901919984375 0.841902553125 0.6927824453125 0.861240253125 0.6743114640625001 0.8565696296875001 0.670061075
3 0.8610697984375 0.6749128203125 0.8423522609375 0.6950350000000001 0.8483484593749999 0.7006663984375 0.8670865328125 0.6806186249999999 0.8610697984375 0.6749128203125
7 0.8498193765625001 0.6643655500000001 0.8317090359374999 0.683209071875 0.834107509375 0.6864752765625 0.8567431125 0.66958109375 0.8498193765625001 0.6643655500000001
0 0.8403130765625001 0.6696995453125 0.8379902515625 0.673370965625 0.8405061593750001 0.674705278125 0.8428740671874999 0.6720366546875 0.8403130765625001 0.6696995453125
10 0.8442060203124999 0.6575260218750001 0.825114746875 0.6745384875 0.8299245656249999 0.6806540796875 0.8481278703124999 0.662307303125 0.8442060203124999 0.6575260218750001
15 0.8382305046875 0.6523100703125 0.821773478125 0.669938384375 0.8228094390624999 0.6725514109375 0.8435286421875 0.6572068328125 0.8382305046875 0.6523100703125
10 0.8339265234375001 0.6494985984375 0.8171856515625 0.6657686625 0.8208115125000001 0.6703831546875 0.8382008515624999 0.652314359375 0.8339265234375001 0.6494985984375
2 0.8327723812500001 0.6283010421874999 0.8220457437500001 0.644377446875 0.8248374765625 0.645867784375 0.8360778812499999 0.6288668875 0.8327723812500001 0.6283010421874999
5 0.8225600109375 0.6194832781249999 0.8122746765625 0.6346074500000001 0.814625615625 0.637091346875 0.825131346875 0.6221879640625 0.8225600109375 0.6194832781249999
4 0.825466715625 0.6225116468749999 0.814625615625 0.637201746875 0.81785815 0.640016825 0.8290985453124999 0.624616665625 0.825466715625 0.6225116468749999
7 0.8288252171874999 0.6248272734375 0.8182105906249999 0.6401021390625 0.81958021875 0.6419672796875 0.8326345046875 0.6271104625 0.8288252171874999 0.6248272734375
6 0.68984375 0.43984375 0.003125 0.00625
4 0.6859375 0.440625 0.003125 0.00625
9 0.68203125 0.440625 0.003125 0.00625
5 0.678125 0.440625 0.003125 0.00625
0 0.675 0.440625 0.0015625 0.0015625
32 0.67265625 0.440625 0.003125 0.00625
34 0.66875 0.440625 0.003125 0.00625
22 0.66484375 0.440625 0.003125 0.00625
7 0.59140625 0.4359375 0.003125 0.00625
6 0.5875 0.43515625 0.003125 0.00625
3 0.58359375 0.43515625 0.003125 0.00625
2 0.5796875 0.43515625 0.0015625 0.00625
0 0.57734375 0.43515625 0.003125 0.0015625
32 0.575 0.4359375 0.003125 0.00625
20 0.5703125 0.43515625 0.003125 0.00625
23 0.56640625 0.43515625 0.003125 0.00625
1 0.4921875 0.46328125 0.003125 0.00625
3 0.48828125 0.46328125 0.003125 0.00625
6 0.484375 0.4625 0.003125 0.00625
4 0.48046875 0.46328125 0.003125 0.00625
0 0.478125 0.46328125 0.0015625 0.0015625
11 0.475 0.46328125 0.003125 0.00625
25 0.47109375 0.46328125 0.003125 0.00625
14 0.4671875 0.46328125 0.003125 0.00625
13 0.28984375 0.44296875 0.0046875 0.00625
32 0.28515625 0.44296875 0.003125 0.0046875
22 0.28125 0.44296875 0.003125 0.00625
0 0.278125 0.44296875 0.0015625 0.003125
5 0.275 0.44296875 0.0046875 0.0046875
3 0.2703125 0.44296875 0.003125 0.00625
8 0.26640625 0.44296875 0.003125 0.00625
8 0.2950793640625 0.64808433125 0.2931351296875 0.64989913125 0.302351696875 0.6677730937499999 0.3038484078125 0.665168940625 0.2950793640625 0.64808433125
6 0.2922711484375 0.6509664468749999 0.2911657828125 0.6543380296875 0.3011700859375 0.6712650265625 0.30227292499999997 0.668601690625 0.2922711484375 0.6509664468749999
5 0.2899063359375 0.6528509062500001 0.28659689374999997 0.656054403125 0.297467709375 0.6735732546875 0.300224803125 0.6700813203125 0.2899063359375 0.6528509062500001
3 0.28399430468750003 0.65961279375 0.294868159375 0.6775978546875 0.29801912812500003 0.6730997765625 0.2868332125 0.6563503296875 0.28399430468750003 0.65961279375
0 0.287245921875 0.6662638296875001 0.2867544390625 0.6680690203124999 0.288645015625 0.670673175 0.29029927187500004 0.6694894703125 0.287245921875 0.6662638296875001
12 0.2822206953125 0.66083215 0.27950722968749997 0.6636301234374999 0.2903780453125 0.681977571875 0.2931351296875 0.6770060015625 0.2822206953125 0.66083215
26 0.278673475 0.663825115625 0.275568525 0.6665302046875 0.2861242484375 0.6852919453124999 0.2902204984375 0.6813265296875 0.278673475 0.663825115625
14 0.27527405781250003 0.6670397828125 0.2725751078125 0.6699037640625 0.28100393125 0.6896124718750001 0.2858879203125 0.6853511296875 0.27527405781250003 0.6670397828125
3 0.1224332078125 0.70383383125 0.1428663640625 0.725550578125 0.148896846875 0.7185384874999999 0.12793370937499998 0.699659775 0.1224332078125 0.70383383125
4 0.12162500937500001 0.7044399796875 0.1144368828125 0.7091530671874999 0.13755378437500002 0.7310523828125 0.14042545312500002 0.724795428125 0.12162500937500001 0.7044399796875
6 0.11192661718750001 0.7092891765625 0.11429330156249999 0.7232851359375 0.1308053796875 0.7374172015625 0.134394953125 0.7309445 0.11192661718750001 0.7092891765625
7 0.106538621875 0.7151486203124999 0.0992170671875 0.7225299875 0.12233396875 0.7434583953125 0.12664146406250001 0.739574765625 0.106538621875 0.7151486203124999
0 0.106538621875 0.7296962078125 0.1058218921875 0.7343966046875 0.1117088109375 0.7366620515625 0.11328821874999999 0.73418085 0.106538621875 0.7296962078125
34 0.09603203125000001 0.7234326640625001 0.088272840625 0.7297568203125 0.11253840625 0.7527349140624999 0.117850984375 0.7447519140625001 0.09603203125000001 0.7234326640625001
20 0.0874112390625 0.7294941578125 0.07980142968750001 0.7363373984375 0.10277475 0.7590997328125 0.108805234375 0.751656134375 0.0874112390625 0.7294941578125
23 0.07798224687500001 0.7365659015625 0.0716171984375 0.7437810046875 0.094446921875 0.7666512187500001 0.10234399062499999 0.7583445828125 0.07798224687500001 0.7365659015625