36 0.48423124843750004 0.2978425671875 0.44162009218750004 0.1487468203125 0.384671221875 0.17906775625 0.43304047187499994 0.3303578796875 0.48423124843750004 0.2978425671875
5 0.422350846875 0.162046378125 0.38930661093749996 0.1812175171875 0.3973681484375 0.2043275546875 0.43042045937499995 0.1844421796875 0.422350846875 0.162046378125
6 0.4309653328125 0.186227390625 0.3985773875 0.205671165625 0.40522814062499996 0.227706303125 0.4372727765625 0.209970709375 0.4309653328125 0.186227390625
5 0.43807892812500004 0.211045590625 0.4050266234375 0.22985610312500002 0.41268508437499996 0.25215995156250004 0.4455358453125 0.2322745953125 0.43807892812500004 0.211045590625
0 0.43187212031250005 0.241239196875 0.4247773890625 0.24571062812500002 0.42719585625 0.2532348328125 0.4348543171875 0.2483978484375 0.43187212031250005 0.241239196875
14 0.4481943046875 0.2421459859375 0.4151035375 0.26183395625 0.42235890937500004 0.2830629234375 0.454806621875 0.26398368125 0.4481943046875 0.2421459859375
26 0.4552219125 0.26269984687500003 0.42296354375 0.28279419375 0.43082355000000006 0.3034857765625 0.45944201093750003 0.2844064984375 0.4552219125 0.26269984687500003
11 0.46085277500000005 0.286556296875 0.43021892968750003 0.3040231625 0.43747430156249995 0.3252521671875 0.4668989265625 0.30563550156249997 0.46085277500000005 0.286556296875
36 0.587150065625 0.6503401359375001 0.5588224421875 0.554383325 0.5097592859375 0.5777853609375 0.5409977515625 0.6721065625 0.587150065625 0.6503401359375001
22 0.5472608953125 0.561637628125 0.51923159375 0.5753668875 0.5236654374999999 0.5877280578125 0.5534931328125 0.5756355984375 0.5472608953125 0.561637628125
10 0.5529283203124999 0.5758439734375 0.5242700578124999 0.5869218875 0.5291069640625 0.601164128125 0.5563146609375 0.584503396875 0.5529283203124999 0.5758439734375
33 0.5567821703125 0.58702769375 0.530114659375 0.6022390093750001 0.533943896875 0.61110680625 0.56095005625 0.601164128125 0.5567821703125 0.58702769375
0 0.54930116875 0.6051634531250001 0.54361775 0.6092257562500001 0.5462377328125 0.6129878578125 0.5510746734375 0.6103006546875 0.54930116875 0.6051634531250001
5 0.5617695046875 0.605767978125 0.53575774375 0.6172874015625001 0.53958698125 0.62911113125 0.5663915953124999 0.618093571875 0.5617695046875 0.605767978125
9 0.56539665625 0.6190675359375 0.53999005625 0.6304547421875 0.5454315953125 0.642278471875 0.5686085171874999 0.62991731875 0.56539665625 0.6190675359375
2 0.571744171875 0.6314603062499999 0.54361775 0.6446969640625 0.5464392921875 0.6516837468750001 0.57364698125 0.639053828125 0.571744171875 0.6314603062499999
4 0.57324390625 0.6425472015625 0.5468423671875 0.65437093125 0.5508731359375 0.6656572390625 0.5778792953125 0.65302735625 0.57324390625 0.6425472015625