36 0.45546875 0.55546875 0.19375 0.0671875
7 0.021875 0.55234375 0.025 0.04375
36 0.8974960031249999 0.6044611609375 0.7203453390625 0.6279868093750001 0.7427384484374999 0.691050603125 0.915510090625 0.6726273046875 0.8974960031249999 0.6044611609375
3 0.3796875 0.56875 0.03125 0.040625
9 0.4078125 0.56640625 0.03125 0.040625
3 0.43828125 0.565625 0.03125 0.0375
0 0.45859375 0.56328125 0.009375 0.0125
14 0.47578125 0.5625 0.03125 0.0421875
16 0.503125 0.56328125 0.028125 0.040625
26 0.52890625 0.56171875 0.0265625 0.04375
6 0.7375 0.2546875 0.009375 0.01875
3 0.7265625 0.2546875 0.009375 0.0171875
7 0.71640625 0.25390625 0.009375 0.01875
10 0.51953125 0.1625 0.00625 0.009375
10 0.52578125 0.16171875 0.00625 0.009375
32 0.53203125 0.16171875 0.00625 0.009375
0 0.5359375 0.16171875 0.003125 0.003125
2 0.53984375 0.1625 0.00625 0.009375
6 0.54609375 0.1625 0.0046875 0.009375
8 0.5515625 0.1625 0.00625 0.009375
6 0.755594296875 0.6419270312500001 0.7281310015625 0.6464913671875 0.740023734375 0.6808529828125 0.7652332359375 0.675014103125 0.755594296875 0.6419270312500001
4 0.766345428125 0.67612626875 0.7934085484375 0.6730678234374999 0.7808037984375 0.638312503125 0.757077228125 0.6402587828125 0.766345428125 0.67612626875
4 0.8089791109375 0.6313614390625 0.7852525406249999 0.636366184375 0.792667096875 0.6741799703125 0.8178765984374999 0.672789753125 0.8089791109375 0.6313614390625
0 0.81953125 0.6515625 0.0125 0.00625
11 0.81930830625 0.6342924109375 0.8296634718749999 0.669330965625 0.8566350734375 0.66589935 0.8429084390625 0.6276098015625 0.81930830625 0.6342924109375
11 0.845976596875 0.6283877312499999 0.8578391328125001 0.668789128125 0.8838474515625 0.6615646875000001 0.8706025000000001 0.6247200234375 0.845976596875 0.6283877312499999
11 0.873973953125 0.6247200234375 0.8877005546875001 0.6648156875 0.9086517109375001 0.6572300375 0.8982965281249999 0.6182180296875 0.873973953125 0.6247200234375