36 0.284375 0.53984375 0.175 0.05625
36 0.7375 0.51484375 0.15625 0.0609375
3 0.35390625 0.53515625 0.028125 0.0375
2 0.33125 0.53671875 0.0171875 0.0359375
9 0.3078125 0.5375 0.021875 0.03125
2 0.2859375 0.540625 0.0140625 0.0375
0 0.27265625 0.540625 0.0078125 0.009375
12 0.25703125 0.5421875 0.021875 0.0328125
32 0.23515625 0.54375 0.021875 0.034375
22 0.2125 0.54453125 0.025 0.0328125
1 0.6765625 0.521875 0.021875 0.0328125
4 0.70078125 0.5203125 0.0234375 0.0328125
3 0.7234375 0.5203125 0.0234375 0.034375
0 0.7375 0.5203125 0.0078125 0.00625
20 0.753125 0.51796875 0.0234375 0.0328125
12 0.7765625 0.5171875 0.021875 0.0328125
16 0.8 0.515625 0.025 0.03125
20 0.16171875 0.21171875 0.00625 0.009375
34 0.16796875 0.21171875 0.00625 0.009375
0 0.171875 0.2109375 0.003125 0.003125
1 0.17578125 0.21171875 0.00625 0.009375