36 0.53125 0.22421875 0.04375 0.1609375
36 0.59296875 0.7015625 0.0453125 0.13125
10 0.5671875 0.97734375 0.025 0.0140625
10 0.56953125 0.98984375 0.025 0.015625
7 0.59609375 0.7515625 0.028125 0.01875
3 0.59453125 0.7359375 0.03125 0.0171875
4 0.5953125 0.7203125 0.028125 0.01875
4 0.59296875 0.70390625 0.028125 0.0171875
0 0.59140625 0.69296875 0.00625 0.00625
26 0.590625 0.68125 0.0265625 0.0171875
21 0.58984375 0.66484375 0.028125 0.01875
23 0.5890625 0.64765625 0.028125 0.01875
3 0.5508168578125 0.27322951562500003 0.5209182796875 0.2775459265625 0.5211054078124999 0.2964912890625 0.553103503125 0.2912563875 0.5508168578125 0.27322951562500003
6 0.5514012140625 0.256867534375 0.519982659375 0.259348421875 0.5201697953125 0.276050253125 0.5504837796875 0.27206173749999996 0.5514012140625 0.256867534375
1 0.547602896875 0.23271413281250003 0.5177371890625 0.240901609375 0.5201697953125 0.2558584796875 0.5480511734375 0.2511221515625 0.547602896875 0.23271413281250003
2 0.542624596875 0.22046057187499998 0.5168015687499999 0.22594478437499999 0.5182985640625 0.233672459375 0.54636706875 0.22619404843750002 0.542624596875 0.22046057187499998
0 0.53125 0.2125 0.0078125 0.0109375
33 0.5296875 0.19921875 0.03125 0.0203125
20 0.528125 0.18125 0.028125 0.0203125
23 0.5265625 0.159375 0.0296875 0.025