36 0.556604465625 0.11561827656250001 0.5658636125000001 0.033401815625 0.533333428125 0.01773835625 0.5231360046875 0.1044717875 0.556604465625 0.11561827656250001
36 0.5523907515625 0.32953256406250003 0.516185884375 0.3219088421875 0.5067728953125 0.406900665625 0.5410257921875 0.41526050625 0.5523907515625 0.32953256406250003
36 0.475636275 0.564150859375 0.44146371562500003 0.5581133656249999 0.4268212828125 0.6577349265625 0.4621200671875 0.665049796875 0.475636275 0.564150859375
5 0.6240902734375 0.5868326875000001 0.6126739296875 0.584003946875 0.6116956359375 0.5900189765625 0.6231717515625 0.59432974375 0.6240902734375 0.5868326875000001
8 0.6244427796875 0.5799392421875 0.613652221875 0.5768360453125 0.6119213984375 0.5835026984375 0.6235480203125 0.5867107093749999 0.6244427796875 0.5799392421875
22 0.5587115140625001 0.029752157812500003 0.539992109375 0.021873143749999997 0.539136196875 0.033085381250000004 0.557823646875 0.0399267359375 0.5587115140625001 0.029752157812500003
10 0.5570409625 0.0417801296875 0.5394215015625 0.0334654484375 0.537638346875 0.0440125515625 0.5559691703125 0.049143571875 0.5570409625 0.0417801296875
17 0.5561499999999999 0.050838232812499995 0.5374243640625 0.0436324671875 0.5359978421875 0.054369604687499996 0.5543999937499999 0.0626362484375 0.5561499999999999 0.050838232812499995
0 0.548051965625 0.0593105921875 0.5428451562500001 0.0576002484375 0.5426311765625 0.06111594687500001 0.547124725 0.0633013875 0.548051965625 0.0593105921875
6 0.5533657484375001 0.0677664890625 0.5364971296875 0.059215571875 0.53435734375 0.070332784375 0.5531161234375 0.077554221875 0.5533657484375001 0.0677664890625
6 0.5493358359375 0.0888614765625 0.53428601875 0.0816400296875 0.5314329718749999 0.092567209375 0.5508336859375 0.1008338515625 0.5493358359375 0.0888614765625
6 0.5482427234375 0.102216978125 0.531575625 0.092567209375 0.5293645140625001 0.104444571875 0.5504057296875 0.11299626874999999 0.5482427234375 0.102216978125
1 0.5523634171875 0.0789035015625 0.5347139765625 0.0702377625 0.5323602140625 0.07992969531250001 0.5516895984375 0.0888614765625 0.5523634171875 0.0789035015625
22 0.5428849921875 0.3293869640625 0.5227157015625 0.3243439375 0.5214782265625 0.335883653125 0.5419652796875 0.34119558437499997 0.5428849921875 0.3293869640625
32 0.5418115390625 0.34169589375 0.5225782046874999 0.3366163328125 0.5206532453125 0.3467822671875 0.540727809375 0.3519110328125 0.5418115390625 0.34169589375
26 0.540590309375 0.35236895 0.5208594921875 0.34705702031249996 0.5192782765625 0.35960417499999997 0.53955908125 0.362718059375 0.540590309375 0.35236895
0 0.53139904375 0.3613043046875 0.5269093578125 0.3602452671875 0.5264281171875 0.3640002515625 0.5311717671875 0.3657403640625 0.53139904375 0.3613043046875
1 0.53826914375 0.3670293875 0.5195532671875001 0.3630843984375 0.5170783234375 0.37325035 0.537771625 0.377921171875 0.53826914375 0.3670293875
1 0.5361222375 0.39050223125 0.5160470953125 0.385064809375 0.5143283828125 0.3952307515625 0.53454044375 0.40100060156249995 0.5361222375 0.39050223125
8 0.5373030359375 0.3784795546875 0.5176283109375001 0.373891434375 0.5150158703125001 0.384698478125 0.536740396875 0.3899188125 0.5373030359375 0.3784795546875
7 0.5335779656249999 0.412815059375 0.534677940625 0.402740721875 0.5344047125 0.4023817796875 0.5146033765625 0.39678768125 0.5131596609375 0.4068620375 0.5335779656249999 0.412815059375
1 0.4631337703125 0.564754378125 0.4418280796875 0.560793978125 0.43951584062500004 0.5744353671875 0.461317003125 0.578945825 0.4631337703125 0.564754378125
3 0.4611034046875 0.5785833421875 0.4399287390625 0.574985425 0.4375339140625 0.5891768734375 0.45933508281249996 0.5926972296875 0.4611034046875 0.5785833421875
3 0.45904032656249993 0.5935406578125 0.4375339140625 0.5896169171875 0.43538683125000005 0.604578440625 0.4573531578125 0.6084288375 0.45904032656249993 0.5935406578125
0 0.4487249359375 0.6074664328125 0.443892584375 0.606668659375 0.4426538796875 0.612169221875 0.447691271875 0.613709371875 0.4487249359375 0.6074664328125
22 0.45749301718749996 0.61468720625 0.43456103125 0.6107390734375 0.431918459375 0.6268007234375 0.4546280125 0.6306511218749999 0.45749301718749996 0.61468720625
30 0.45555888125 0.6305041375 0.43258195781250003 0.627556684375 0.43068260937499997 0.6403179859375 0.453887640625 0.6451584859375 0.45555888125 0.6305041375
22 0.453557321875 0.6457085328125001 0.43018713281250004 0.6409780578125 0.42762714687500003 0.657039696875 0.45132765781249995 0.6619902 0.453557321875 0.6457085328125001
22 0.4706131578125 0.881997934375 0.446559565625 0.8754306984375001 0.44494465937500005 0.8920752390625 0.46933823124999996 0.8986424859375 0.4706131578125 0.881997934375
31 0.469365784375 0.8993267656249999 0.44485966718750003 0.892981075 0.4424798 0.908833021875 0.46704336562500004 0.915287028125 0.469365784375 0.8993267656249999
30 0.4668442375 0.9159601234375 0.4420548234375 0.911324046875 0.44077990156249997 0.9260437078124999 0.4662784125 0.9315918984374999 0.4668442375 0.9159601234375
0 0.45552114687499995 0.93004534375 0.4504200703125 0.9291328328124999 0.4495701171875 0.9338884203125 0.45390486093750004 0.93592653125 0.45552114687499995 0.93004534375
9 0.4632609875 0.937902 0.43860575468749996 0.9318503187499999 0.4377558046875 0.9456641765624999 0.46112944218749996 0.9547224265625 0.4632609875 0.937902
4 0.462331996875 0.9552431609375001 0.43766771875000005 0.94972000625 0.4360528125 0.966817471875 0.46061637343750006 0.971346596875 0.462331996875 0.9552431609375001
3 0.4591468859375 0.9729382234375 0.4334179671875 0.966251328125 0.431633071875 0.9853869046874999 0.45755654687499997 0.98878374375 0.4591468859375 0.9729382234375
5 0.45665216875 1 0.4580592765625 0.9897086640625 0.43055196249999994 0.9846101546874999 0.42916611875 1 0.45665216875 1