36 0.502682884375 0.1590831828125 0.43624534531250003 0.1721612078125 0.4533377015625 0.3522754703125 0.519719603125 0.3416805140625 0.502682884375 0.1590831828125
4 0.4808111734375 0.1661167734375 0.44167862812500003 0.175993625 0.44683941562499996 0.201355684375 0.4857066234375 0.19275837812500002 0.4808111734375 0.1661167734375
1 0.48524489531250004 0.194331365625 0.44683941562499996 0.202430346875 0.4492585375 0.225858009375 0.48748065625 0.22134442656250003 0.48524489531250004 0.194331365625
3 0.4869968328125 0.22177428593749998 0.44893599218749997 0.22736253125 0.4521614875 0.254873915625 0.48941595312499997 0.24842593750000003 0.4869968328125 0.22177428593749998
0 0.47109375 0.25625 0.009375 0.0125
22 0.4904847484375 0.260434128125 0.4537742359375 0.2681997328125 0.45619335625 0.2935617921875 0.49215762500000004 0.2868988828125 0.4904847484375 0.260434128125
32 0.457322275 0.32085823125 0.49602822187499995 0.31118626250000003 0.49377037343749997 0.28990792656250003 0.4934478234375 0.2888332640625 0.4933062078125 0.28891743281250004 0.45619335625 0.2963559234375 0.457322275 0.32085823125
34 0.49673226562500006 0.3125639484375 0.4553869828125 0.322147840625 0.460225225 0.3475098984375 0.4992537171875 0.337622984375 0.49673226562500006 0.3125639484375
36 0.5112387328125 0.5853635953125 0.44631236249999995 0.5940408828125 0.46475311875 0.7473379640625 0.5222663812499999 0.7371181640625 0.5112387328125 0.5853635953125
1 0.4734375 0.603125 0.034375 0.0265625
2 0.49146866874999995 0.6170194734375001 0.45724312500000003 0.62365308125 0.45844932343749994 0.6359285859375 0.49331925468750004 0.6275987749999999 0.49146866874999995 0.6170194734375001
5 0.4922227171875 0.637682225 0.45888793281250007 0.6441122515625 0.4615196265625 0.665448253125 0.4967185234375 0.657264575 0.4922227171875 0.637682225
0 0.47890625 0.6671875 0.009375 0.0125
20 0.49749781718749997 0.6700029062499999 0.4617389390625 0.6750932765625001 0.46601543437500004 0.6993520156249999 0.49935021874999996 0.6899992390625 0.49749781718749997 0.6700029062499999
10 0.4999642875 0.6955811140625 0.46590528750000004 0.6983379078125 0.46820801718749994 0.72186595 0.5018717625 0.711636365625 0.4999642875 0.6955811140625
34 0.501471575 0.71439936875 0.4685369828125 0.722304365625 0.47029144218749996 0.743640365625 0.5049420703124999 0.73487215 0.501471575 0.71439936875