36 0.1984375 0.528125 0.165625 0.05625
36 0.72265625 0.55078125 0.1625 0.0671875
7 0.78203125 0.5484375 0.015625 0.034375
1 0.7640625 0.55 0.021875 0.03125
9 0.74375 0.55078125 0.01875 0.03125
2 0.72578125 0.55234375 0.0109375 0.03125
0 0.71171875 0.553125 0.00625 0.00625
17 0.7 0.55390625 0.0203125 0.03125
26 0.67890625 0.55546875 0.01875 0.03125
14 0.65859375 0.55546875 0.0203125 0.03125
4 0.2640625 0.53046875 0.0234375 0.034375
4 0.2171875 0.5328125 0.01875 0.0328125
7 0.240625 0.5328125 0.021875 0.03125
0 0.19921875 0.53359375 0.00625 0.009375
17 0.18203125 0.534375 0.025 0.0328125
3 0.15703125 0.5359375 0.025 0.03125
10 0.134375 0.5359375 0.025 0.0359375