36 0.308355928125 0.5283382734375001 0.324425065625 0.5998233578125001 0.5288741078125 0.5753433 0.510024209375 0.50516715 0.308355928125 0.5283382734375001
14 0.3141422765625 0.5463287968749999 0.3213400140625 0.590264234375 0.35196617343750003 0.5853583140625 0.341986859375 0.54223790625 0.3141422765625 0.5463287968749999
22 0.3446874734375 0.5411662296875 0.350933846875 0.5845837078125 0.377430621875 0.5817434453125 0.3695159875 0.5375902 0.3446874734375 0.5411662296875
32 0.3692096734375 0.537294303125 0.37915119218750004 0.5801941921875 0.4039273953125 0.57761213125 0.39842157500000003 0.5329424828125 0.3692096734375 0.537294303125
5 0.40546875 0.55390625 0.009375 0.009375
5 0.4079289359375 0.5337450375 0.4166596328125 0.5755464953125 0.44487697812500004 0.56986595 0.436274125 0.5290693906249999 0.4079289359375 0.5337450375
2 0.440403484375 0.530360421875 0.448662253125 0.5714152015625 0.4617385984375 0.569607746875 0.45451218281249994 0.528294775 0.440403484375 0.530360421875
9 0.46213590312499997 0.526969165625 0.466556175 0.566767484375 0.4906441609375 0.563927221875 0.4858265859375 0.5246798953125 0.46213590312499997 0.526969165625
5 0.48751853125 0.5230972390625 0.4944294375 0.5654764546875 0.5216144296875 0.5600541296875 0.5126674421875 0.5208068046875 0.48751853125 0.5230972390625
36 0.9047019765625001 0.4166711203125 0.73726188125 0.43682566562499997 0.7366842953125 0.4370519625 0.7491222265624999 0.5059269609375 0.9134228156249999 0.4834166953125 0.9047019765625001 0.4166711203125
3 0.7418068640625 0.4591177390625 0.7481794484375001 0.4972591109375 0.7745764937499999 0.4944295421875 0.7666154734374999 0.454343878125 0.7418068640625 0.4591177390625
9 0.76954848125 0.4548154734375 0.7741575 0.49348634062499996 0.7961550390625 0.4911283609375 0.7913365234375 0.4548154734375 0.76954848125 0.4548154734375
7 0.7931429796875 0.4530281234375 0.8026495484374999 0.49097116406249997 0.8183620765624999 0.48688400156249995 0.8173145749999999 0.45025671562499997 0.7931429796875 0.4530281234375
0 0.82578125 0.46953125 0.009375 0.0125
19 0.8579576359375001 0.48279683906250004 0.85230113125 0.44648394687500004 0.8392407171875 0.44851002187500005 0.8328175906249999 0.4765088859375 0.8359600953124999 0.4862552046875 0.8579576359375001 0.48279683906250004
34 0.8552177734375 0.4457598734375 0.8593805968750001 0.48283750000000003 0.8820066437499999 0.47953631874999997 0.8788641374999999 0.4430662359375 0.8552177734375 0.4457598734375
12 0.8806239109374999 0.44242040625 0.8845206421875 0.47953631874999997 0.9073562031250001 0.47702114218749997 0.9016996671875 0.4396078640625 0.8806239109374999 0.44242040625