1 0.0171875 0.2140625 0.00625 0.009375
6 0.01171875 0.2140625 0.00625 0.009375
9 0.0046875 0.2140625 0.0046875 0.009375
1 0.11640625 0.20390625 0.00625 0.0078125
3 0.12265625 0.20390625 0.00625 0.009375
1 0.12890625 0.20390625 0.00625 0.009375
0 0.13359375 0.2046875 0.003125 0.003125
34 0.278125 0.2078125 0.00625 0.0078125
0 0.28125 0.2078125 0.0015625 0.003125
4 0.28515625 0.20703125 0.0046875 0.009375
4 0.290625 0.20703125 0.00625 0.0078125
9 0.2953125 0.20703125 0.0046875 0.009375
5 0.30078125 0.2078125 0.00625 0.0078125
1 0.33515625 0.21171875 0.0046875 0.009375
4 0.3390625 0.21171875 0.003125 0.0078125
36 0.425 0.28515625 0.075 0.028125
13 0.45390625 0.2875 0.0109375 0.015625
21 0.44375 0.2875 0.0109375 0.015625
21 0.43359375 0.28828125 0.0109375 0.015625
0 0.42578125 0.2875 0.003125 0.003125
5 0.41796875 0.2875 0.0109375 0.015625
5 0.4078125 0.2875 0.0109375 0.015625
8 0.396875 0.28828125 0.009375 0.015625
36 0.4029793421875 0.48250361249999996 0.24420164375 0.4960722125 0.2578741625 0.5582891937500001 0.41003615781249997 0.54008741875 0.4029793421875 0.48250361249999996
22 0.25118193125 0.5099119234375 0.258201321875 0.5442965078124999 0.2789946125 0.5421102 0.2743591640625 0.5069306015625 0.25118193125 0.5099119234375
19 0.27555688906250003 0.5073180875000001 0.280716353125 0.5415139375 0.29952302343750004 0.5389301265625 0.294887575 0.5059368265625 0.27555688906250003 0.5073180875000001
34 0.294764075 0.505455321875 0.30018523125 0.5393276375 0.3228327109375 0.5378369765625 0.3152835484375 0.504446165625 0.294764075 0.505455321875
0 0.32265625 0.5203125 0.0078125 0.00625
9 0.3248994890625 0.505206953125 0.3313089515625 0.536942578125 0.3473343640625 0.53336499375 0.3444206484375 0.5011667078125 0.3248994890625 0.505206953125
3 0.3470871 0.50160560625 0.349718303125 0.53455751875 0.37170357656249997 0.5325699703125 0.3637570953125 0.498781653125 0.3470871 0.50160560625
4 0.3654788375 0.50096795625 0.37183600625 0.5316755734374999 0.3891858328125 0.5292905171875 0.3850801421875 0.4971916140625 0.3654788375 0.50096795625
6 0.38881305625 0.4971349671875 0.389715590625 0.52998615625 0.4070654171875 0.527004834375 0.40401926093749996 0.4960984625 0.38881305625 0.4971349671875
36 0.7551300109375 0.49320976875 0.76294371875 0.54454931875 0.8839792 0.5401459843749999 0.879577903125 0.487122353125 0.7551300109375 0.49320976875
1 0.871875 0.51484375 0.015625 0.028125
7 0.85546875 0.515625 0.015625 0.0296875
7 0.840625 0.51640625 0.015625 0.0296875
3 0.825 0.51640625 0.0171875 0.028125
0 0.81328125 0.5171875 0.00625 0.00625
29 0.7912176718749999 0.5034513921875 0.795317003125 0.53335785 0.8126475546874999 0.5314809890625 0.8087169187500001 0.5034620875 0.7912176718749999 0.5034513921875
12 0.774464996875 0.5029488125 0.77977309375 0.533894109375 0.794423675 0.5322853578125 0.7897783734375 0.50265771875 0.774464996875 0.5029488125
12 0.7581590609375 0.50479160625 0.7624425421875001 0.5356369015625 0.778701103125 0.534296284375 0.7742344640625001 0.503864271875 0.7581590609375 0.50479160625