36 0.2978425671875 0.5157687515625 0.1487468203125 0.5583799078125 0.17906775625 0.6153287781250001 0.3303578796875 0.5669595281250001 0.2978425671875 0.5157687515625
5 0.162046378125 0.577649153125 0.1812175171875 0.6106933890625 0.2043275546875 0.6026318515625 0.1844421796875 0.569579540625 0.162046378125 0.577649153125
6 0.186227390625 0.5690346671875 0.205671165625 0.6014226125000001 0.227706303125 0.594771859375 0.209970709375 0.5627272234375 0.186227390625 0.5690346671875
5 0.211045590625 0.561921071875 0.22985610312500002 0.5949733765625 0.25215995156250004 0.587314915625 0.2322745953125 0.5544641546875 0.211045590625 0.561921071875
0 0.241239196875 0.5681278796875 0.24571062812500002 0.5752226109375 0.2532348328125 0.57280414375 0.2483978484375 0.5651456828125 0.241239196875 0.5681278796875
14 0.2421459859375 0.5518056953125 0.26183395625 0.5848964624999999 0.2830629234375 0.577641090625 0.26398368125 0.545193378125 0.2421459859375 0.5518056953125
26 0.26269984687500003 0.5447780875 0.28279419375 0.57703645625 0.3034857765625 0.56917645 0.2844064984375 0.5405579890625 0.26269984687500003 0.5447780875
11 0.286556296875 0.539147225 0.3040231625 0.5697810703124999 0.3252521671875 0.5625256984375 0.30563550156249997 0.5331010734375 0.286556296875 0.539147225
36 0.6503401359375001 0.41284993437499995 0.554383325 0.4411775578125 0.5777853609375 0.49024071406249997 0.6721065625 0.4590022484375 0.6503401359375001 0.41284993437499995
22 0.561637628125 0.45273910468749995 0.5753668875 0.48076840625 0.5877280578125 0.47633456250000006 0.5756355984375 0.4465068671875 0.561637628125 0.45273910468749995
10 0.5758439734375 0.4470716796875 0.5869218875 0.47572994218750003 0.601164128125 0.4708930359375 0.584503396875 0.4436853390625 0.5758439734375 0.4470716796875
33 0.58702769375 0.44321782968749995 0.6022390093750001 0.469885340625 0.61110680625 0.466056103125 0.601164128125 0.43904994375 0.58702769375 0.44321782968749995
0 0.6051634531250001 0.45069883125 0.6092257562500001 0.45638225 0.6129878578125 0.4537622671875 0.6103006546875 0.4489253265625 0.6051634531250001 0.45069883125
5 0.605767978125 0.43823049531249997 0.6172874015625001 0.46424225625000004 0.62911113125 0.46041301875 0.618093571875 0.43360840468750006 0.605767978125 0.43823049531249997
9 0.6190675359375 0.43460334375 0.6304547421875 0.46000994375 0.642278471875 0.45456840468750004 0.62991731875 0.4313914828125 0.6190675359375 0.43460334375
2 0.6314603062499999 0.428255828125 0.6446969640625 0.45638225 0.6516837468750001 0.4535607078125 0.639053828125 0.42635301875 0.6314603062499999 0.428255828125
4 0.6425472015625 0.42675609375 0.65437093125 0.45315763281250004 0.6656572390625 0.4491268640625 0.65302735625 0.42212070468749996 0.6425472015625 0.42675609375