36 0.449751803125 0.5801207015625 0.41778662187500004 0.4177990578125 0.3488687703125 0.41991498437499997 0.3885418703125 0.5807252484375 0.449751803125 0.5801207015625
3 0.3951162828125 0.4196127109375 0.35725681875 0.4238445640625 0.3649647203125 0.452862971875 0.401237265625 0.4477242859375 0.3951162828125 0.4196127109375
9 0.3981638828125 0.44646355312499997 0.36519143125000003 0.449235665625 0.3710857125 0.474626746875 0.406904853125 0.471301725 0.3981638828125 0.44646355312499997
6 0.40441111718749995 0.4731153671875 0.3719925375 0.47432448281250006 0.37879362968749997 0.49729737343749997 0.41143891874999994 0.49548373124999995 0.40441111718749995 0.4731153671875
0 0.4007050953125 0.5086892 0.39866086093750003 0.49756841874999996 0.3910562984375 0.500185071875 0.393509384375 0.5089072531250001 0.4007050953125 0.5086892
20 0.4147404859375 0.5079716296875 0.38034449531250003 0.508471153125 0.38631367031249997 0.5332203453125001 0.4197573859375 0.5315849390625 0.4147404859375 0.5079716296875
28 0.4200751484375 0.53213090625 0.38770375156250003 0.5373633828125 0.3913016078125 0.5534994234374999 0.4253177078125 0.5548077609375001 0.4200751484375 0.53213090625
11 0.42557320781249997 0.5553148828125 0.39206122187500003 0.5556799765625 0.3967220828125 0.57748543125 0.42932584531250007 0.5761771078125 0.42557320781249997 0.5553148828125
6 0.8838833203125 0.0255005546875 0.8697367406250001 0.0279918234375 0.8692029 0.039024496874999995 0.86987019375 0.0388465578125 0.8853513609375 0.03421995 0.8838833203125 0.0255005546875
4 0.8842421593750001 0.011831542187499999 0.868935984375 0.019272428124999998 0.870137109375 0.028703595312500003 0.8853513609375 0.0242549265625 0.8842421593750001 0.011831542187499999
20 0.8899466531250001 0.17295845 0.8748090515625 0.176446025 0.8752094250000001 0.1862330953125 0.89015675625 0.1821403203125 0.8899466531250001 0.17295845