36 0.459375 0.27265625 0.0640625 0.215625
4 0.46640625 0.35546875 0.034375 0.028125
8 0.4640625 0.33046875 0.034375 0.0265625
8 0.4609375 0.30625 0.03125 0.025
8 0.459375 0.28046875 0.0375 0.0265625
0 0.45625 0.26328125 0.0109375 0.009375
26 0.45234375 0.24609375 0.0359375 0.03125
13 0.45078125 0.21875 0.034375 0.0265625
10 0.4484375 0.19296875 0.034375 0.0265625
36 0.72734375 0.3203125 0.028125 0.065625
36 0.76484375 0.47890625 0.021875 0.0578125
23 0.76640625 0.0453125 0.015625 0.0125
14 0.76640625 0.03359375 0.015625 0.0125
11 0.76640625 0.02421875 0.0140625 0.0109375
8 0.76640625 0.00859375 0.0125 0.009375
0 0.76640625 0.01640625 0.003125 0.003125
1 0.7265625 0.34453125 0.0140625 0.009375
6 0.72578125 0.3359375 0.0140625 0.009375
4 0.72578125 0.328125 0.0125 0.009375
4 0.72578125 0.3203125 0.0125 0.009375
0 0.72578125 0.31484375 0.003125 0.0046875
24 0.725 0.309375 0.0140625 0.0078125
23 0.7318217312499999 0.2953100015625 0.7184965328125 0.2980460390625 0.7194563796875 0.306204865625 0.7327743109375 0.3038052140625 0.7318217312499999 0.2953100015625
14 0.731574496875 0.2882874359375 0.7181365937499999 0.2900471828125 0.71897645625 0.29788605625 0.7321744015625 0.2959663390625 0.731574496875 0.2882874359375
4 0.75770479375 0.4552219953125 0.7572466375 0.46316349375000004 0.76973145 0.460567246875 0.7690442109375 0.45293117812499994 0.75770479375 0.4552219953125
8 0.7693878328125 0.4617890015625 0.7566739375 0.46362167187500003 0.7571320984375001 0.4717158859375 0.7705332281249999 0.46835601875000005 0.7693878328125 0.4617890015625
2 0.7695023671875 0.47110500312500003 0.7571320984375001 0.473243103125 0.7571320984375001 0.4784356296875 0.7706477625 0.4759920875 0.7695023671875 0.47110500312500003
0 0.765114371875 0.478436790625 0.761942753125 0.47965739531249996 0.7620573 0.4817954953125 0.7649207828125 0.4816427703125 0.765114371875 0.478436790625
23 0.7698813703125 0.48101354687500003 0.7578193328125 0.48301726250000004 0.7581629546875 0.49095878125 0.7705332281249999 0.48958429062500003 0.7698813703125 0.48101354687500003
10 0.770267884375 0.4906334375 0.7578193328125 0.49156966406249997 0.7581629546875 0.49935843750000003 0.7705332281249999 0.4952349625 0.770267884375 0.4906334375
25 0.7707832359375 0.4976765703125 0.7585065640625 0.499816615625 0.7585065640625 0.50714723125 0.7705332281249999 0.503787365625 0.7707832359375 0.4976765703125