36 0.45167454375 0.5996299703125 0.42725996093749996 0.4361865609375 0.3599934171875 0.44187713593750005 0.38351685 0.6157272140625001 0.45167454375 0.5996299703125
36 0.6193545406250001 0.8298203703125001 0.5566253359375 0.8410883671875 0.574117134375 0.9859633640625001 0.6362431671875 0.9779147765625 0.6193545406250001 0.8298203703125001
12 0.426794875 0.5812628921874999 0.38844795312499997 0.5875603890625001 0.39291831093749996 0.6102282921875 0.43011174375000005 0.603547225 0.426794875 0.5812628921874999
23 0.4231051453125 0.555680765625 0.383798775 0.5617905890625 0.3891632109375 0.5851743015624999 0.42796597031249994 0.5806407250000001 0.4231051453125 0.555680765625
20 0.41892345156250005 0.5304266140625 0.37914958906249996 0.5362593859375 0.38522927500000004 0.5608361421875 0.42260153437500003 0.5551095234375001 0.41892345156250005 0.5304266140625
0 0.3984375 0.52734375 0.0078125 0.0109375
7 0.41154399062499997 0.493365328125 0.3739639734375 0.5033312875 0.380043659375 0.5233744671875 0.41616420937500004 0.5150231437499999 0.41154399062499997 0.493365328125
8 0.4078542609375 0.4661433203125 0.37020885937500003 0.47493676406249996 0.3737851546875 0.501183796875 0.41187265625 0.4902077703125 0.4078542609375 0.4661433203125
3 0.40416453125 0.44121714531249995 0.3628774625 0.446303634375 0.36913596875 0.4746981671875 0.40829636875 0.466585440625 0.40416453125 0.44121714531249995
7 0.6203528656249999 0.9590994500000001 0.5838660546875001 0.9659540281250001 0.5868267984375 0.9805719984374999 0.6227997984375 0.9770162703124999 0.6203528656249999 0.9590994500000001
1 0.6172982124999999 0.941993390625 0.583125871875 0.94778038125 0.5857905453125001 0.9661515749999999 0.618358690625 0.9590401359375 0.6172982124999999 0.941993390625
3 0.615261778125 0.9240727578125 0.5800171062499999 0.9292116078125 0.5828298078125 0.9479779109375001 0.618358690625 0.9408664874999999 0.615261778125 0.9240727578125
4 0.6136326296875 0.90425145 0.5779445812499999 0.91103794375 0.5797210296875 0.927631290625 0.6151018703125 0.92249524375 0.6136326296875 0.90425145
0 0.59815571875 0.8999070546875 0.5923041718750001 0.9009633984375001 0.5920080890625 0.9086674578125 0.598225653125 0.90649451875 0.59815571875 0.8999070546875
14 0.6093561140625 0.8784566 0.5752799203125 0.8841725046875 0.5777965515625 0.9053092765624999 0.6106607609375 0.896815065625 0.6093561140625 0.8784566
16 0.607930609375 0.8597213921875 0.5708388125 0.8642209765625 0.5727632765624999 0.8829872625 0.608736284375 0.8768635203124999 0.607930609375 0.8597213921875
22 0.6054868859375 0.8374563625 0.5700986296874999 0.8422940390625 0.5717270359375 0.8608627953125 0.6069598359375 0.8563193703125 0.6054868859375 0.8374563625
21 0.79020246875 0.8184012234375 0.773012246875 0.821859296875 0.774221603125 0.8315419109375 0.79080715 0.8269311406250001 0.79020246875 0.8184012234375
24 0.791419621875 0.8290065375 0.7741352234375001 0.8320029828125 0.7752582046875001 0.839149675 0.7914982140625 0.8401870984375 0.791419621875 0.8290065375
16 0.792013775 0.840414290625 0.7755173484375 0.84180086875 0.7753445875 0.8521750890625001 0.793139490625 0.8509071374999999 0.792013775 0.840414290625
0 0.7865475609375 0.8516636015625 0.7826007625 0.85159874375 0.7822552296875 0.8545957375000001 0.786142465625 0.854134665625 0.7865475609375 0.8516636015625
5 0.792534809375 0.8545957375000001 0.7762948 0.8562095062499999 0.7769858640625 0.8662379171874999 0.792880340625 0.8635867328125 0.792534809375 0.8545957375000001
5 0.7930832515625 0.8648142046875 0.7769858640625 0.8686585750000001 0.777072246875 0.874537296875 0.793744171875 0.8747678421874999 0.7930832515625 0.8648142046875