36 0.48203125 0.56953125 0.2125 0.071875
7 0.56328125 0.56328125 0.0328125 0.046875
7 0.5390625 0.5671875 0.025 0.040625
7 0.484375 0.5703125 0.021875 0.040625
6 0.5140625 0.56875 0.025 0.040625
0 0.46796875 0.5734375 0.0125 0.0125
20 0.45078125 0.57421875 0.028125 0.0421875
15 0.421875 0.578125 0.025 0.0421875
23 0.396875 0.57890625 0.03125 0.0421875
36 0.23046875 0.1640625 0.075 0.028125
5 0.259375 0.16328125 0.009375 0.015625
5 0.25 0.1625 0.009375 0.015625
7 0.23984375 0.16328125 0.00625 0.015625
4 0.23125 0.16328125 0.009375 0.015625
0 0.225 0.1640625 0.003125 0.003125
22 0.21875 0.1640625 0.009375 0.015625
11 0.209375 0.16484375 0.009375 0.015625
23 0.2 0.16484375 0.0109375 0.015625