36 0.1890625 0.503125 0.06875 0.025
36 0.41328125 0.54609375 0.071875 0.021875
36 0.6515625 0.4796875 0.0796875 0.028125
36 0.878125 0.48359375 0.08125 0.0234375
6 0.90625 0.48359375 0.009375 0.0140625
4 0.89609375 0.4828125 0.009375 0.0140625
9 0.88671875 0.4828125 0.0078125 0.0125
5 0.878125 0.4828125 0.009375 0.0140625
0 0.871875 0.48359375 0.003125 0.003125
32 0.865625 0.48359375 0.009375 0.0140625
34 0.85625 0.48359375 0.009375 0.0125
22 0.846875 0.48359375 0.009375 0.0125
7 0.68046875 0.48125 0.0078125 0.015625
6 0.67109375 0.48046875 0.009375 0.015625
3 0.66171875 0.48125 0.009375 0.015625
2 0.65234375 0.48125 0.00625 0.015625
0 0.6453125 0.48125 0.0046875 0.0046875
32 0.6390625 0.48125 0.009375 0.0140625
20 0.62890625 0.48203125 0.009375 0.015625
23 0.61953125 0.48125 0.009375 0.015625
1 0.44140625 0.5453125 0.009375 0.015625
3 0.43203125 0.5453125 0.0078125 0.015625
6 0.4234375 0.54609375 0.009375 0.015625
4 0.4140625 0.54609375 0.0078125 0.015625
0 0.4078125 0.54609375 0.003125 0.003125
11 0.4015625 0.54609375 0.009375 0.015625
25 0.3921875 0.546875 0.009375 0.0140625
26 0.38359375 0.546875 0.009375 0.0140625
5 0.21484375 0.5046875 0.0078125 0.0125
8 0.20625 0.50546875 0.009375 0.0125
1 0.196875 0.5046875 0.009375 0.0140625
8 0.18828125 0.5046875 0.0078125 0.0125
0 0.1828125 0.50546875 0.003125 0.003125
33 0.178125 0.50546875 0.0078125 0.0140625
31 0.16875 0.50546875 0.0078125 0.0125
22 0.16015625 0.50546875 0.00625 0.0140625