36 0.5296194125 0.5474119843749999 0.5066217015625 0.35343658906250003 0.4340941296875 0.3706057078125 0.4659359 0.5639669328125 0.5296194125 0.5474119843749999
33 0.5076040765625 0.5233606515625 0.46356443281250004 0.5363556109375 0.466149925 0.5535616390625 0.5097798328125001 0.5483998203125 0.5076040765625 0.5233606515625
32 0.505182853125 0.49430598281250004 0.4596862421875 0.5023737984375 0.46356443281250004 0.5303335062500001 0.5059016234375 0.5208702062499999 0.505182853125 0.49430598281250004
17 0.49791918593749995 0.46202301874999996 0.45451529375 0.473123609375 0.4596862421875 0.5002230328125 0.5023465734375 0.49506121406250003 0.49791918593749995 0.46202301874999996
0 0.47578125 0.46171875 0.009375 0.0125
7 0.49186612968750004 0.42489760781249997 0.4496675265625 0.43699098125 0.45257617968749997 0.45591758281250006 0.49685246562499996 0.45419700937499996 0.49186612968750004 0.42489760781249997
7 0.48399715781249997 0.3619458265625 0.44288064531250004 0.3767700328125 0.443203825 0.395696634375 0.487480109375 0.391395103125 0.48399715781249997 0.3619458265625
5 0.4864183796875 0.39261464375 0.4457892796875 0.40042825937500004 0.4480515921875 0.43441012187499994 0.49200469843750005 0.4223659125 0.4864183796875 0.39261464375
23 0.8078125 0.56875 0.021875 0.009375
12 0.80703125 0.58203125 0.021875 0.0125
5 0.796875 0.93984375 0.021875 0.0125
4 0.79609375 0.9515625 0.0203125 0.0109375
6 0.79609375 0.96328125 0.0203125 0.0125
0 0.7953125 0.971875 0.0046875 0.00625
20 0.7953125 0.98046875 0.021875 0.0125
17 0.7953125 0.99296875 0.0203125 0.0140625