36 0.33671875 0.43046875 0.08125 0.246875
14 0.3328125 0.3328125 0.046875 0.0328125
22 0.3328125 0.36484375 0.046875 0.034375
32 0.334375 0.396875 0.046875 0.0296875
0 0.33515625 0.41484375 0.009375 0.0109375
2 0.3359375 0.43671875 0.046875 0.0203125
7 0.3375 0.46171875 0.046875 0.034375
5 0.33984375 0.49453125 0.0421875 0.03125
6 0.34140625 0.5265625 0.04375 0.028125
36 0.9671875 0.6609375 0.0296875 0.0703125
36 0.94140625 0.12578125 0.0328125 0.0875
22 0.9421875 0.09375 0.01875 0.0125
24 0.9421875 0.103125 0.01875 0.009375
23 0.9421875 0.11328125 0.01875 0.0109375
0 0.9421875 0.1203125 0.00625 0.003125
3 0.9421875 0.12734375 0.015625 0.0109375
7 0.9421875 0.1359375 0.0171875 0.0078125
6 0.940625 0.14765625 0.015625 0.009375
11 0.95 0.49375 0.015625 0.0125
26 0.95 0.48359375 0.015625 0.0109375
14 0.95 0.4734375 0.015625 0.0109375
0 0.94921875 0.465625 0.003125 0.003125
5 0.94921875 0.45859375 0.015625 0.0109375
22 0.96640625 0.63203125 0.015625 0.009375
10 0.96640625 0.64140625 0.015625 0.0078125
33 0.965625 0.64921875 0.0171875 0.0078125
0 0.96640625 0.65546875 0.003125 0.003125
5 0.96640625 0.66171875 0.015625 0.009375
9 0.96640625 0.6703125 0.015625 0.009375
2 0.96640625 0.67890625 0.015625 0.00625
4 0.9671875 0.6875 0.015625 0.009375