36 0.44765625 0.540625 0.0625 0.178125
7 0.45546875 0.6109375 0.04375 0.025
5 0.4546875 0.58671875 0.0375 0.025
2 0.4515625 0.56640625 0.0359375 0.0125
3 0.44921875 0.5453125 0.0375 0.025
0 0.44765625 0.52890625 0.00625 0.009375
34 0.44765625 0.51484375 0.034375 0.021875
26 0.4453125 0.4921875 0.0359375 0.0234375
23 0.44296875 0.46875 0.0375 0.025
0 0.8734375 0.16015625 0.0015625 0.003125
3 0.87421875 0.16484375 0.0109375 0.00625
2 0.87421875 0.17109375 0.009375 0.0046875
5 0.875 0.1765625 0.009375 0.0078125
7 0.875 0.18359375 0.0109375 0.00625