36 0.5734375 0.225 0.04375 0.1125
36 0.5549897578125 0.4768126515625 0.51387650625 0.4845111203125 0.522598240625 0.588676075 0.563858778125 0.5808525265625 0.5549897578125 0.4768126515625
36 0.5296875 0.771875 0.040625 0.115625
10 0.52890625 0.81875 0.025 0.01875
12 0.528125 0.80078125 0.0234375 0.015625
19 0.528125 0.784375 0.025 0.015625
0 0.52734375 0.7703125 0.00625 0.00625
2 0.52578125 0.759375 0.025 0.0125
9 0.52578125 0.74296875 0.021875 0.015625
5 0.52578125 0.725 0.025 0.015625
31 0.5487544234375 0.5673851062499999 0.524702478125 0.5710956921875 0.5263516781249999 0.5864810328125001 0.5497008609375 0.58289496875 0.5487544234375 0.5673851062499999
19 0.5478866859375 0.5532120468749999 0.52331368125 0.5540908484375 0.5252232828125 0.57074865 0.5486592609375001 0.5668155640625 0.5478866859375 0.5532120468749999
25 0.5448496015625001 0.534411053125 0.5211436828125 0.540556375 0.5241816796875 0.555247640625 0.5470968625 0.5500420765625 0.5448496015625001 0.534411053125
0 0.53359375 0.53359375 0.00625 0.00625
4 0.5438733953125 0.5137299578125 0.5200152874999999 0.514991259375 0.5217512859375 0.533037225 0.544840065625 0.5276002953125001 0.5438733953125 0.5137299578125
7 0.5426802562499999 0.49637519374999994 0.5184528859374999 0.5029606265625 0.5200152874999999 0.5122149640625 0.5449268640625 0.5123306421875 0.5426802562499999 0.49637519374999994
3 0.5405109109375 0.48017741249999996 0.5169772890625 0.4835265125 0.5192340859375 0.49937456406249997 0.5424964671875 0.4952101125 0.5405109109375 0.48017741249999996
20 0.5703125 0.26953125 0.0234375 0.015625
34 0.5703125 0.253125 0.0234375 0.015625
17 0.5703125 0.23671875 0.025 0.015625
0 0.56953125 0.22578125 0.00625 0.00625
1 0.56953125 0.21328125 0.021875 0.015625
2 0.56875 0.196875 0.0234375 0.009375
1 0.56796875 0.18046875 0.021875 0.015625