36 0.7875 0.62421875 0.15 0.0625
6 0.84609375 0.628125 0.025 0.034375
2 0.82421875 0.62890625 0.01875 0.0390625
4 0.803125 0.62890625 0.021875 0.0375
0 0.7875 0.6296875 0.0125 0.009375
21 0.771875 0.63203125 0.021875 0.0375
17 0.7484375 0.63203125 0.025 0.0359375
8 0.72578125 0.63203125 0.021875 0.034375
36 0.386622834375 0.577212428125 0.2033093 0.6058622125 0.223197965625 0.67746050625 0.412538021875 0.6455396109375 0.386622834375 0.577212428125
1 0.3670541203125 0.6048854125 0.3789116421875 0.6420153562500001 0.4070285359375 0.636375696875 0.39427786875000004 0.6005761484375001 0.3670541203125 0.6048854125
3 0.33800196875 0.6095742093750001 0.3504678421875 0.648145409375 0.37989249375 0.642750978125 0.366487925 0.604744590625 0.33800196875 0.6095742093750001
4 0.31090801562500003 0.6140622796875 0.32071624062500004 0.65304945625 0.3471984265625 0.6479002171875 0.3364093734375 0.6084226203124999 0.31090801562500003 0.6140622796875
0 0.3027344984375 0.63122645 0.3089463796875 0.6405441390625 0.31483130937500003 0.6376017125 0.31385048125 0.6273032093750001 0.3027344984375 0.63122645
27 0.27254269062500003 0.6181243671875001 0.28246419375 0.6616315484374999 0.3118888453125 0.6555014875 0.2988112046875 0.6143074890625 0.27254269062500003 0.6181243671875001
27 0.2808294859375 0.658443921875 0.27143944375 0.6181243671875001 0.24682766093750003 0.62337996875 0.2530395421875 0.6611411625 0.2808294859375 0.658443921875
26 0.220672425 0.6694780296875 0.2530395421875 0.6631027578124999 0.24192356093749998 0.62337996875 0.212825859375 0.6253415984374999 0.220672425 0.6694780296875
36 0.3375 0.20625 0.06875 0.028125
36 0.52265625 0.2078125 0.0625 0.028125
8 0.36328125 0.20859375 0.009375 0.015625
3 0.35546875 0.20859375 0.009375 0.015625
5 0.346875 0.2078125 0.0078125 0.015625
3 0.33828125 0.2078125 0.009375 0.015625
0 0.3328125 0.20703125 0.003125 0.003125
34 0.3265625 0.20546875 0.009375 0.015625
12 0.31875 0.20546875 0.009375 0.015625
23 0.31015625 0.2046875 0.009375 0.0140625
6 0.546875 0.21171875 0.0078125 0.0125
4 0.53828125 0.2109375 0.009375 0.0125
2 0.53125 0.21015625 0.00625 0.0140625
3 0.52421875 0.20859375 0.0078125 0.0125
0 0.51875 0.209375 0.003125 0.003125
3 0.69296875 0.2203125 0.00625 0.015625
4 0.68671875 0.21875 0.00625 0.0125
4 0.6796875 0.2171875 0.0078125 0.0125
8 0.84921875 0.24296875 0.00625 0.0125
8 0.84140625 0.2421875 0.0078125 0.0109375
9 0.83359375 0.24140625 0.00625 0.0125
14 0.8234375 0.24140625 0.009375 0.0125
3 0.81484375 0.240625 0.00625 0.0125
15 0.80703125 0.240625 0.0078125 0.0125
0 0.828125 0.24140625 0.003125 0.003125