36 0.37734375 0.46171875 0.1015625 0.2171875
36 0.93671875 0.25625 0.0328125 0.078125
36 0.90546875 0.665625 0.025 0.071875
29 0.365625 0.55078125 0.046875 0.0359375
10 0.3640625 0.51640625 0.05 0.028125
19 0.3703125 0.484375 0.053125 0.034375
0 0.3640625 0.46171875 0.01875 0.015625
1 0.36953125 0.43828125 0.05 0.03125
1 0.36953125 0.40234375 0.046875 0.0328125
8 0.36953125 0.3703125 0.05 0.034375
9 0.4625 0.871875 0.0421875 0.0296875
4 0.46171875 0.9015625 0.04375 0.028125
5 0.46171875 0.93125 0.04375 0.028125
0 0.46171875 0.95390625 0.0125 0.0109375
14 0.459375 0.975 0.04375 0.028125
6 0.9359375 0.2875 0.015625 0.009375
6 0.9359375 0.278125 0.0171875 0.0078125
8 0.9359375 0.26796875 0.015625 0.009375
1 0.93671875 0.2578125 0.015625 0.009375
0 0.93671875 0.2515625 0.003125 0.003125
30 0.9375 0.2453125 0.01875 0.009375
19 0.9375 0.23515625 0.0171875 0.0078125
23 0.9375 0.22421875 0.01875 0.0125
22 0.9046875 0.63515625 0.0140625 0.009375
20 0.90546875 0.64453125 0.015625 0.009375
16 0.9046875 0.65546875 0.015625 0.009375
0 0.90546875 0.6609375 0.003125 0.003125
4 0.90546875 0.6671875 0.015625 0.009375
1 0.9046875 0.67734375 0.015625 0.009375
7 0.9046875 0.6859375 0.015625 0.00625
5 0.9046875 0.6953125 0.015625 0.009375
4 0.98671875 0.75390625 0.0125 0.00625
9 0.98671875 0.7609375 0.0125 0.00625
1 0.98671875 0.76796875 0.0125 0.00625
5 0.98671875 0.77421875 0.0109375 0.00625
8 0.9015625 0.884375 0.015625 0.009375
4 0.90078125 0.89453125 0.015625 0.009375
9 0.8796875 0.9875 0.0140625 0.0109375
9 0.8796875 0.99609375 0.015625 0.0078125