36 0.3528089171875 0.505179334375 0.333460915625 0.5762969328125 0.527310115625 0.6012314484375 0.5411918874999999 0.52345065 0.3528089171875 0.505179334375
19 0.3551462953125 0.52838070625 0.33815681406250003 0.566463678125 0.3662138703125 0.5722385046875 0.3761695921875 0.5294369140625 0.3551462953125 0.52838070625
6 0.377069778125 0.5302371296875 0.3673452078125 0.57274804375 0.393365859375 0.5747862203125 0.403774125 0.5330037140624999 0.377069778125 0.5302371296875
13 0.4042973296875 0.5323587578125 0.3954022625 0.5768243796875 0.424816928125 0.580221328125 0.43273624687499995 0.5362308171875 0.4042973296875 0.5323587578125
0 0.434375 0.55859375 0.009375 0.009375
4 0.4448466671875 0.538428840625 0.43453001718750006 0.58076385625 0.4658238265625 0.5834743421875 0.47321742499999997 0.5413974546875 0.4448466671875 0.538428840625
6 0.4743706203125 0.5421958124999999 0.46616036406249994 0.5835695890625 0.4950469671875 0.586538203125 0.501236946875 0.5440741140625 0.4743706203125 0.5421958124999999
5 0.5015103734374999 0.545017271875 0.49539086250000003 0.5869254109375001 0.5230738625 0.5907975125 0.5311552203125001 0.5471717968750001 0.5015103734374999 0.545017271875
12 0.8237471718749999 0.226782421875 0.8191577046875 0.246170728125 0.8312197171875001 0.24572905625 0.8341616703125 0.225964 0.8237471718749999 0.226782421875
0 0.8324826578125 0.23385126875 0.8318081218750001 0.23866221875 0.8385746062500001 0.23877263593750003 0.8381333171875 0.23546005937499997 0.8324826578125 0.23385126875
1 0.8373101640625 0.22833411875 0.8347500890624999 0.2466124046875 0.8484301593750001 0.2492624703125 0.8504895328125001 0.2290557421875 0.8373101640625 0.22833411875
6 0.8492639875 0.22833411875 0.8459294953125 0.24859995000000001 0.8579915093749999 0.24893120937500002 0.8626986609375 0.22982867499999998 0.8492639875 0.22833411875
3 0.8629928343750001 0.23049118906250002 0.8579915093749999 0.24959372968750002 0.87167160625 0.24981456249999998 0.87417226875 0.2300495125 0.8629928343750001 0.23049118906250002
5 0.8859400796875001 0.23137454218750003 0.8734367921875 0.23015993437499999 0.8738612781249999 0.23023063906250002 0.8703477234375001 0.2493728859375 0.881674259375 0.25036666093750004 0.8859400796875001 0.23137454218750003