36 0.4734375 0.340625 0.05 0.14375
36 0.45625 0.69921875 0.0609375 0.16875
8 0.63203125 0.1890625 0.015625 0.009375
1 0.63203125 0.19921875 0.015625 0.009375
23 0.471875 0.2796875 0.03125 0.01875
21 0.471875 0.2984375 0.03125 0.0171875
13 0.47109375 0.3171875 0.03125 0.01875
0 0.47265625 0.3296875 0.00625 0.00625
5 0.471875 0.3421875 0.028125 0.01875
4 0.47265625 0.36171875 0.028125 0.01875
9 0.47265625 0.3796875 0.028125 0.01875
6 0.47265625 0.39921875 0.028125 0.0171875
10 0.453125 0.628125 0.03125 0.021875
13 0.45390625 0.64921875 0.0328125 0.021875
28 0.45390625 0.671875 0.03125 0.0234375
0 0.4546875 0.68671875 0.00625 0.009375
8 0.4546875 0.70390625 0.03125 0.021875
6 0.45546875 0.7265625 0.03125 0.0203125
7 0.45625 0.74765625 0.03125 0.0203125
5 0.45625 0.76953125 0.03125 0.021875