36 0.07265625 0.47265625 0.14375 0.05
36 0.53125 0.41875 0.1375 0.05
22 0.8953125 0.46484375 0.0171875 0.028125
12 0.9125 0.4640625 0.0171875 0.028125
27 0.93046875 0.46328125 0.01875 0.028125
0 0.94296875 0.4625 0.00625 0.009375
6 0.9546875 0.4625 0.0171875 0.0265625
8 0.9703125 0.4625 0.015625 0.028125
9 0.9875 0.46171875 0.015625 0.025
29 0.584375 0.42109375 0.0203125 0.028125
24 0.5640625 0.42109375 0.0171875 0.028125
14 0.5453125 0.421875 0.01875 0.028125
0 0.53125 0.421875 0.0078125 0.0078125
2 0.51640625 0.42265625 0.0140625 0.028125
1 0.49921875 0.4234375 0.01875 0.025
1 0.478125 0.4234375 0.01875 0.028125
2 0.13046875 0.47265625 0.0109375 0.028125
4 0.11015625 0.47265625 0.01875 0.028125
4 0.0921875 0.47265625 0.015625 0.028125
4 0.071875 0.4734375 0.01875 0.028125
0 0.06015625 0.47421875 0.009375 0.0078125
33 0.04609375 0.47421875 0.01875 0.03125
14 0.02890625 0.47578125 0.01875 0.028125