36 0.3834267453125 0.28820444375 0.30708990625 0.104806678125 0.23270591875000002 0.14058305625 0.3257434625 0.3353441265625 0.3834267453125 0.28820444375
36 0.5418591187499999 0.6150711953125 0.508564134375 0.5053661703125 0.45952193125 0.521209703125 0.49723363750000005 0.63267016875 0.5418591187499999 0.6150711953125
36 0.590884340625 0.7424544859375 0.564416259375 0.6806994265624999 0.5255174125 0.6971998859374999 0.558829415625 0.7617296046875001 0.590884340625 0.7424544859375
36 0.6641017 0.8475488171875 0.6288036078125 0.8640941828125 0.65331620625 0.9177292874999999 0.685999684375 0.8984541687500001 0.6641017 0.8475488171875
5 0.3593894671875 0.275359103125 0.3220362203125 0.30402507968750003 0.33146413125 0.3249762890625 0.3698043640625 0.2973207203125 0.3593894671875 0.275359103125
7 0.3479498484375 0.25100952187500003 0.3130423375 0.27874559374999996 0.32175336875 0.2971357625 0.3591381859375 0.2719702921875 0.3479498484375 0.25100952187500003
1 0.33733486875 0.22760212812499997 0.2988869234375 0.25841959062500003 0.31159049375 0.2772937265625 0.34607164687499997 0.2511603234375 0.33733486875 0.22760212812499997
4 0.330394303125 0.20201730156250003 0.28944995156250003 0.2342220203125 0.30033874374999997 0.25503195624999997 0.33772358593749996 0.225994853125 0.330394303125 0.20201730156250003
0 0.3075312671875 0.20528344999999998 0.2981610078125 0.2138960515625 0.30033874374999997 0.2177676515625 0.31086458906250003 0.21292811875 0.3075312671875 0.20528344999999998
16 0.3095726109375 0.16826710625000002 0.2723908859375 0.19840955 0.2832796640625 0.2182515859375 0.3203015359375 0.1911502828125 0.3095726109375 0.16826710625000002
20 0.2969162875 0.1394161328125 0.2593243453125 0.169372446875 0.27202791406250004 0.19357005 0.3119534640625 0.1650168796875 0.2969162875 0.1394161328125
22 0.2879343796875 0.11383130625 0.242265228125 0.14372299375 0.25533179375000004 0.170340346875 0.29924988125 0.1388834765625 0.2879343796875 0.11383130625
21 0.4959975703125 0.512668559375 0.46411441093750005 0.52423315625 0.469529896875 0.5446211046875 0.5018634859375 0.529967278125 0.4959975703125 0.512668559375
19 0.5007485390624999 0.5325157609375 0.47112268437499993 0.5441963578125 0.47733455625000004 0.5618234281250001 0.507597528125 0.5482314625 0.5007485390624999 0.5325157609375
4 0.5072847734375 0.549695359375 0.476060325 0.5618234281250001 0.481635084375 0.577963890625 0.5112609406249999 0.5643719109374999 0.5072847734375 0.549695359375
4 0.51189805625 0.5730792625000001 0.48418354687500004 0.5853969875 0.48928046406250003 0.598564190625 0.516994971875 0.5864588625 0.51189805625 0.5730792625000001
4 0.5216177281250001 0.6034439390624999 0.49628872812499997 0.6151294 0.49915575156249997 0.629570859375 0.5284630515625001 0.6172531218749999 0.5216177281250001 0.6034439390624999
0 0.499759971875 0.57047814375 0.4934217140625 0.572866896875 0.4961294546875 0.5794504984375 0.5023413265625 0.5764772546875 0.499759971875 0.57047814375
8 0.5171386796874999 0.5881554546875 0.49055469531250007 0.600475559375 0.4956516203125 0.6144922578124999 0.5224104578125 0.6021745484375 0.5171386796874999 0.5881554546875
9 0.5538819640625 0.685417709375 0.5314997421875 0.6967022171874999 0.536489375 0.7069840046875 0.5583379125000001 0.6953917875 0.5538819640625 0.685417709375
9 0.55813385625 0.6952821015625 0.5366405750000001 0.7073872109375 0.5407986046875 0.71716499375 0.5622691375 0.7044639578125 0.55813385625 0.6952821015625
2 0.5624707875 0.7076409359375 0.5414790078125 0.7193826343749999 0.5445030265625 0.7251283374999999 0.5662003640625 0.712628909375 0.5624707875 0.7076409359375
0 0.55758190625 0.7191810249999999 0.552743478125 0.7228098921874999 0.55508709375 0.7265395640625 0.5597743234375 0.72361631875 0.55758190625 0.7191810249999999
20 0.567573059375 0.71965961875 0.5463174390625001 0.7311764546874999 0.550551065625 0.7408534390625 0.5723239984374999 0.7287572046874999 0.567573059375 0.71965961875
30 0.5719950265625 0.729183859375 0.5516850734375 0.742970275 0.55501149375 0.7490183921875 0.5760284265625 0.7381317890625 0.5719950265625 0.729183859375
32 0.5764820281249999 0.738333384375 0.554406690625 0.750328828125 0.5590183171875001 0.7593001796875 0.580262053125 0.7474055546875 0.5764820281249999 0.738333384375
6 0.65367208125 0.8539881546875 0.63591803125 0.86143696875 0.6407205234375 0.8728466656249999 0.6587080249999999 0.864464034375 0.65367208125 0.8539881546875
2 0.65835875625 0.8677239421875 0.640109296875 0.8759901515624999 0.642816153125 0.8813457250000001 0.6619387953125 0.8727302359375001 0.65835875625 0.8677239421875
3 0.6610384390624999 0.8755961359375 0.6420302921875 0.8844892109375 0.6464835078125 0.892173284375 0.6659554234375 0.8813457250000001 0.6610384390624999 0.8755961359375
0 0.657485578125 0.8862355828125 0.6529450437500001 0.8884476859375001 0.653992859375 0.89065975625 0.6582714328125 0.888796940625 0.657485578125 0.8862355828125
20 0.6662439984375 0.8846322000000001 0.647531325 0.8943853718750001 0.65128599375 0.9011380453125 0.669535459375 0.8904268984374999 0.6662439984375 0.8846322000000001
33 0.6693869765625 0.8914419875 0.6515479546875 0.9017201734375 0.6539055359375 0.9061443312499999 0.6718930421875 0.8970631578124999 0.6693869765625 0.8914419875
32 0.6724317375 0.897204115625 0.6531196796875001 0.9070757468749999 0.6567870328125001 0.9131298625 0.6752984484375 0.9026515734375 0.6724317375 0.897204115625