36 0.3421875 0.58828125 0.140625 0.059375
36 0.53963198125 0.5128117078125001 0.5565241234375 0.5567343515625 0.664982278125 0.5393195093750001 0.6539624890625 0.4944763140625 0.53963198125 0.5128117078125001
2 0.639080540625 0.507833590625 0.64707051875 0.534167821875 0.6562320640625 0.5285801234374999 0.651365 0.505154778125 0.639080540625 0.507833590625
2 0.6256578625 0.5085047234375 0.6310377093749999 0.5320187109375001 0.6413445078125 0.53115905625 0.6359048031250001 0.5103126609374999 0.6256578625 0.5085047234375
9 0.6082802953125 0.5128875734375 0.6132873015625 0.5361098875 0.6275930484375001 0.534633315625 0.6215131046875 0.5102029140625 0.6082802953125 0.5128875734375
8 0.5919944125 0.5152578078125 0.5988027453125 0.5383918421875 0.6125720140625 0.5361098875 0.606849721875 0.512753340625 0.5919944125 0.5152578078125
0 0.589199825 0.52447995 0.591292228125 0.5306063234375 0.596478059375 0.5284585984375 0.595405121875 0.52389468125 0.589199825 0.52447995
15 0.571314459375 0.5177729375 0.578238228125 0.541881896875 0.5896828296875001 0.540271103125 0.5870005093749999 0.5139614375 0.571314459375 0.5177729375
15 0.5567826 0.5188209078125 0.5650054359375 0.545237721875 0.574840621875 0.5430899953125 0.5707277109375 0.5178542 0.5567826 0.5188209078125
23 0.5436480343750001 0.52154563125 0.551414959375 0.5472512171874999 0.564647784375 0.5429557593750001 0.55624315625 0.5201361546875 0.5436480343750001 0.52154563125
2 0.403125 0.5921875 0.009375 0.03125
8 0.384375 0.5921875 0.0171875 0.03125
8 0.34609375 0.590625 0.0171875 0.028125
3 0.365625 0.59140625 0.015625 0.03125
0 0.334375 0.590625 0.00625 0.00625
34 0.3234375 0.590625 0.01875 0.03125
11 0.303125 0.58984375 0.0171875 0.03125
22 0.28515625 0.58984375 0.0171875 0.0296875
2 0.190625 0.3703125 0.009375 0.01875