36 0.795964790625 0.5805308124999999 0.6903730578125 0.5620746296875 0.6756081125 0.599658128125 0.782989534375 0.6201277125 0.795964790625 0.5805308124999999
36 0.255925721875 0.5191220624999999 0.20626181406250002 0.5083839203125 0.19820820781249998 0.5305313375 0.24966180625 0.54462515 0.255925721875 0.5191220624999999
14 0.20562749375 0.5133127515625 0.20169637968749998 0.5281300265625 0.20734105625 0.52964199375 0.21187695624999997 0.514975915625 0.20562749375 0.5133127515625
25 0.211776159375 0.515278309375 0.20794584375 0.529490796875 0.21348972187499998 0.5311539609375 0.217521634375 0.515807496875 0.211776159375 0.515278309375
11 0.22173542031250001 0.5243253546875 0.22313258593750002 0.5173783359375 0.2173200375 0.5162610875 0.2139937109375 0.5308515671875 0.2201423765625 0.532968321875 0.22173542031250001 0.5243253546875
0 0.2219424078125 0.524208925 0.22158017968750002 0.526498725 0.2230290921875 0.5270808765624999 0.22421927187500001 0.524402975 0.2219424078125 0.524208925
8 0.22551294375 0.5187366921875001 0.2222011421875 0.5332905046875 0.22768631250000002 0.535230903125 0.2314120890625 0.5197068375 0.22551294375 0.5187366921875001
5 0.2314120890625 0.519474084375 0.228359021875 0.5355026828125 0.23415467343750002 0.5365505578125 0.23819093125 0.5210653015625 0.2314120890625 0.519474084375
1 0.23756996875 0.52141459375 0.2346721421875 0.53658936875 0.24103701093750002 0.5381417749999999 0.2450732671875 0.523316290625 0.23756996875 0.52141459375
3 0.24476278593749998 0.5230058093750001 0.24145098593749997 0.5385298765625001 0.249109525 0.5398106125 0.25148988125 0.5238596328125 0.24476278593749998 0.5230058093750001
36 0.48964155312499996 0.5169270859374999 0.42758034218749996 0.506333878125 0.4174508109375 0.53340540625 0.4792266828125 0.5465666640625 0.48964155312499996 0.5169270859374999
4 0.4251549609375 0.5150010484374999 0.419590853125 0.53212138125 0.4282936890625 0.5341544218750001 0.43428580625 0.51671308125 0.4251549609375 0.5150010484374999
8 0.4347138140625 0.5164990765625 0.42914970625000004 0.5329773984374999 0.437281865625 0.5358664546874999 0.44270330312499995 0.5177831015625001 0.4347138140625 0.5164990765625
4 0.443844659375 0.51799710625 0.4377098734375 0.5359734578124999 0.4466980484375 0.5381134984375 0.4521194875 0.52024415 0.443844659375 0.51799710625
0 0.4504424734375 0.5272944671875 0.4492452375 0.5306748984375 0.45248481875 0.5316784640625001 0.4536820546875 0.527769840625 0.4504424734375 0.5272944671875
14 0.45663993124999996 0.52063924375 0.45093545312499994 0.5383865078125 0.460302065625 0.5401295421875 0.46642909687499995 0.5222238203125 0.45663993124999996 0.52063924375
34 0.46678122499999997 0.5223294593750001 0.46058376875 0.5406577359375 0.47002080625 0.541925396875 0.47621826250000004 0.524019675 0.46678122499999997 0.5223294593750001
10 0.4769929453125 0.5244422281250001 0.4707250625 0.541819759375 0.4793169921875 0.5438268890625 0.4854440234375 0.5254986140625 0.4769929453125 0.5244422281250001
3 0.7778351125 0.5849493828125001 0.7688462625 0.60899455625 0.7835280499999999 0.61124176875 0.7925169000000001 0.58584826875 0.7778351125 0.5849493828125001
3 0.76242164375 0.5837624031249999 0.7551686109375 0.6055214984374999 0.770243540625 0.608614703125 0.776643275 0.5852556734375 0.76242164375 0.5837624031249999
5 0.7480577953124999 0.5804558734375 0.7402358984374999 0.6027482796875 0.753462015625 0.606054809375 0.7625638593749999 0.58248245625 0.7480577953124999 0.5804558734375
1 0.733836165625 0.5780026421875 0.7264409171875 0.5994417515625 0.7383870875 0.6030682671875 0.7467778484375 0.5801358859375 0.733836165625 0.5780026421875
1 0.7251609703125 0.5854689984375 0.724307671875 0.5905887859375001 0.7284319453125 0.5912287593750001 0.7304229734375001 0.5870689312499999 0.7251609703125 0.5854689984375
27 0.7149213953125 0.5751227609375 0.7083794453125 0.5978418171875 0.7194723171875 0.5998684 0.7284319453125 0.57746933125 0.7149213953125 0.5751227609375
20 0.6999886828124999 0.5726695312500001 0.6943000296874999 0.5944286265625001 0.7069572828124999 0.59709518125 0.7130725828125 0.5743761265625 0.6999886828124999 0.5726695312500001
23 0.6881847296875 0.5704296234374999 0.6806472640625 0.59229538125 0.692593434375 0.5942153015625 0.7006997640625 0.5720295578125 0.6881847296875 0.5704296234374999