36 0.45546875 0.22734375 0.059375 0.165625
36 0.41015625 0.74453125 0.075 0.1875
36 0.71015625 0.47265625 0.0375 0.0859375
12 0.71796875 0.1953125 0.015625 0.0109375
28 0.71796875 0.20703125 0.0171875 0.0125
7 0.71796875 0.21796875 0.015625 0.009375
0 0.7171875 0.22578125 0.003125 0.003125
5 0.85234375 0.8203125 0.009375 0.00625
5 0.70703125 0.46328125 0.01875 0.0125
8 0.70625 0.4515625 0.01875 0.009375
8 0.70703125 0.4390625 0.01875 0.0109375
0 0.70625 0.47265625 0.0046875 0.0046875
14 0.70625 0.48125 0.01875 0.0125
26 0.70625 0.49453125 0.01875 0.0109375
16 0.70625 0.50703125 0.0203125 0.0125
5 0.4484375 0.1609375 0.034375 0.025
5 0.45 0.29453125 0.034375 0.025
17 0.4484375 0.18671875 0.0328125 0.025
24 0.44921875 0.21171875 0.03125 0.025
0 0.44921875 0.22890625 0.009375 0.009375
8 0.4484375 0.24609375 0.03125 0.021875
1 0.44921875 0.2703125 0.03125 0.025
9 0.40859375 0.825 0.0421875 0.0234375
5 0.4078125 0.79921875 0.0375 0.0265625
2 0.40703125 0.77421875 0.040625 0.0125
2 0.4078125 0.75 0.040625 0.0125
0 0.40859375 0.73046875 0.0078125 0.009375
24 0.409375 0.71328125 0.040625 0.021875
24 0.409375 0.68828125 0.0375 0.025
22 0.41015625 0.66328125 0.0375 0.0234375