36 0.41484375 0.5265625 0.228125 0.084375
36 0.680395390625 0.527042828125 0.8937554765625 0.557744353125 0.9111219953124999 0.48378159062500004 0.7021035390625 0.460988034375 0.7008630734375 0.4563362890625 0.680395390625 0.527042828125
8 0.32734375 0.540625 0.034375 0.0484375
4 0.359375 0.53984375 0.034375 0.0484375
7 0.3921875 0.5375 0.034375 0.0484375
0 0.41640625 0.5359375 0.0125 0.0109375
20 0.43828125 0.53515625 0.03125 0.046875
29 0.46953125 0.5296875 0.034375 0.04375
10 0.5046875 0.53046875 0.028125 0.0453125
23 0.697407075 0.47779302812499996 0.6841595796875 0.5190810578125 0.716247959375 0.5215097656250001 0.7200750125 0.48132569375 0.697407075 0.47779302812499996
12 0.7233132906249999 0.48198806875000005 0.713598459375 0.5221721406250001 0.7380327296875 0.52438005625 0.748925115625 0.48529994218750006 0.7233132906249999 0.48198806875000005
30 0.750397059375 0.484195984375 0.7442148953125 0.5261463890625 0.7621726125 0.5290166796875 0.77777521875 0.4864039 0.750397059375 0.484195984375
0 0.77890625 0.50859375 0.0125 0.009375
4 0.7874900499999999 0.4879494421875 0.7792471625 0.5290166796875 0.80603654375 0.5321077625 0.815162596875 0.4908197328125 0.7874900499999999 0.4879494421875
8 0.8178120953124999 0.48971577499999996 0.8078028765624999 0.5310038046875001 0.83429786875 0.536302803125 0.8457790328125 0.49324844062500006 0.8178120953124999 0.48971577499999996
1 0.8451902546875001 0.49391081562499994 0.8351810359374999 0.535640428125 0.86550308125 0.5402770515624999 0.874334746875 0.49722268906249995 0.8451902546875001 0.49391081562499994
3 0.8749235234375 0.49678110625 0.8628535828125001 0.54116021875 0.8931756296875 0.543368134375 0.9031848484375 0.49965139687500004 0.8749235234375 0.49678110625