36 0.5098608703124999 0.418315646875 0.46557897812500004 0.4264743984375 0.47843501718750003 0.5333540218749999 0.521288459375 0.5203000546875 0.5098608703124999 0.418315646875
23 0.49921915468750006 0.42118851875 0.474202578125 0.42712845312500003 0.477253221875 0.44135813593749995 0.5008956875 0.43438849218750003 0.49921915468750006 0.42118851875
20 0.5013975281249999 0.435711009375 0.4775800796875 0.441503334375 0.4791053890625 0.4545714046875 0.502421009375 0.44876337343749995 0.5013975281249999 0.435711009375
34 0.5026228640625 0.44950737500000004 0.47943225156249997 0.4551522109375 0.48117547656250004 0.470688703125 0.5042731796875 0.4647354609375 0.5026228640625 0.44950737500000004
0 0.49375 0.46875 0.00625 0.00625
7 0.5047199078125 0.468493165625 0.481436625 0.474912028125 0.48235269374999995 0.48441725468749997 0.5059741578125 0.48127791093749994 0.5047199078125 0.468493165625
3 0.5066823203124999 0.4838653921875 0.4829415953125 0.48799260312500004 0.48523176562500003 0.503340484375 0.5087877953125 0.49584094843750004 0.5066823203124999 0.4838653921875
6 0.5085905109375 0.5002717421875 0.48516534843750003 0.5021902296875 0.486801184375 0.5157940203125 0.5091794125 0.5094281374999999 0.5085905109375 0.5002717421875
5 0.5091353359374999 0.510139909375 0.486801184375 0.516491653125 0.4886987515625 0.528525784375 0.51061894375 0.5225087125 0.5091353359374999 0.510139909375
22 0.53086835625 0.9621957125 0.509377234375 0.96759445625 0.5112056171875 0.979680521875 0.5327073999999999 0.9750995093749999 0.53086835625 0.9621957125
21 0.5323306234375 0.97608724375 0.5104742640625 0.9799729218750001 0.511790696875 0.9924488609375001 0.53336561875 0.9819222859375 0.5323306234375 0.97608724375
2 0.6583434546875 0.2533277546875 0.6491303562499999 0.25774323125 0.6508810859375 0.26105489375 0.6594088328125001 0.2566142546875 0.6583434546875 0.2533277546875
3 0.6572142921874999 0.2470232609375 0.64817028125 0.251044640625 0.6499210093750001 0.2569905796875 0.6587311328125 0.25254994218750004 0.6572142921874999 0.2470232609375