36 0.43046875 0.66328125 0.246875 0.08125
14 0.3328125 0.6671875 0.0328125 0.046875
22 0.36484375 0.6671875 0.034375 0.046875
32 0.396875 0.665625 0.0296875 0.046875
0 0.41484375 0.66484375 0.0109375 0.009375
2 0.43671875 0.6640625 0.0203125 0.046875
7 0.46171875 0.6625 0.034375 0.046875
5 0.49453125 0.66015625 0.03125 0.0421875
6 0.5265625 0.65859375 0.028125 0.04375
36 0.6609375 0.0328125 0.0703125 0.0296875
36 0.12578125 0.05859375 0.0875 0.0328125
22 0.09375 0.0578125 0.0125 0.01875
24 0.103125 0.0578125 0.009375 0.01875
23 0.11328125 0.0578125 0.0109375 0.01875
0 0.1203125 0.0578125 0.003125 0.00625
3 0.12734375 0.0578125 0.0109375 0.015625
7 0.1359375 0.0578125 0.0078125 0.0171875
6 0.14765625 0.059375 0.009375 0.015625
11 0.49375 0.05 0.0125 0.015625
26 0.48359375 0.05 0.0109375 0.015625
14 0.4734375 0.05 0.0109375 0.015625
0 0.465625 0.05078125 0.003125 0.003125
5 0.45859375 0.05078125 0.0109375 0.015625
22 0.63203125 0.03359375 0.009375 0.015625
10 0.64140625 0.03359375 0.0078125 0.015625
33 0.64921875 0.034375 0.0078125 0.0171875
0 0.65546875 0.03359375 0.003125 0.003125
5 0.66171875 0.03359375 0.009375 0.015625
9 0.6703125 0.03359375 0.009375 0.015625
2 0.67890625 0.03359375 0.00625 0.015625
4 0.6875 0.0328125 0.009375 0.015625