36 0.5533480749999999 0.3103490109375 0.5615772578125 0.24203888281250002 0.5364101296875 0.2306653171875 0.5285057640625 0.3002006328125 0.5533480749999999 0.3103490109375
36 0.5134598234375 0.48769034062500005 0.5203698359375 0.4116802796875 0.4906299203125 0.40242281875 0.48127774062500006 0.47866952031250004 0.5134598234375 0.48769034062500005
36 0.48215312812500005 0.5700770796875 0.45178713593750003 0.5613110328124999 0.4373898828125 0.6466327203125 0.46900736875 0.655653515625 0.48215312812500005 0.5700770796875
36 0.4446128171875 0.8435111890625 0.410096303125 0.8338650046874999 0.3945698578125 0.93873176875 0.43042183593749994 0.946249128125 0.4446128171875 0.8435111890625
5 0.424598634375 0.928691440625 0.4036988453125 0.9237495421874999 0.401498334375 0.93791058125 0.422219825 0.942061225 0.424598634375 0.928691440625
5 0.4268154953125 0.9147185 0.40699961093750003 0.9108092859375001 0.40406559687500004 0.9237495421874999 0.4247870890625 0.9281443484375 0.4268154953125 0.9147185
3 0.42842775624999996 0.9018204000000001 0.40791649531249996 0.8968924093749999 0.40534923125000005 0.9103209765625 0.4271709765625 0.9127625265624999 0.42842775624999996 0.9018204000000001
8 0.4084666203125 0.8964041 0.42790448437500006 0.9000664328125 0.429636953125 0.8878474578125 0.40993363125000004 0.8824872234375001 0.408833371875 0.89396255 0.4084666203125 0.8964041
0 0.42259251249999996 0.8786412875 0.4180511171875 0.8778651312499999 0.417326959375 0.8837707187499999 0.422124496875 0.8850964625 0.42259251249999996 0.8786412875
33 0.4313469515625 0.8682951328125 0.411624225 0.8656923953125 0.41126214843750003 0.8750931265625 0.4302712578125 0.8814808015625 0.4313469515625 0.8682951328125
22 0.43383400781250003 0.8555614031250001 0.41415877500000003 0.850024525 0.41216734375 0.864005090625 0.432534246875 0.8691875390625 0.43383400781250003 0.8555614031250001
14 0.4349283125 0.8421644593750001 0.41678384375000005 0.837249171875 0.41406825625000004 0.8493013859375 0.433892040625 0.8548454031249999 0.4349283125 0.8421644593750001
1 0.4627528953125 0.6413322046875 0.44387400625 0.6345728765625 0.44403265156250005 0.647035396875 0.46259425 0.6518936609375 0.4627528953125 0.6413322046875
6 0.4645360421875 0.6318845515625 0.447840159375 0.622955271875 0.4449845265625 0.6333054921875 0.46354612968750003 0.641120984375 0.4645360421875 0.6318845515625
9 0.4656081828125 0.6181384953125 0.4492159421875 0.6107710609375 0.44743232343750006 0.6211937765625 0.4641785203125 0.6292416953125 0.4656081828125 0.6181384953125
9 0.46767730468749996 0.6073935765625 0.450999559375 0.6002164062500001 0.4495132125 0.6109029890625 0.4651694203125 0.6174996515625 0.46767730468749996 0.6073935765625
0 0.461796640625 0.6002786984374999 0.4577376734375 0.5992928734375 0.4574404046875 0.6031189359375 0.4609085515625 0.6045702000000001 0.461796640625 0.6002786984374999
20 0.470835440625 0.591711803125 0.452585 0.5857037625 0.4509004703125 0.59718195 0.4685384765625 0.6031189359375 0.470835440625 0.591711803125
22 0.471488846875 0.5811120859375001 0.45407134843749997 0.575544915625 0.45317953749999995 0.58530796875 0.469826646875 0.5911130265625 0.471488846875 0.5811120859375001
14 0.4719075359375 0.5804264390625 0.472997525 0.570399521875 0.47279566093750003 0.5702219656249999 0.4559540578125 0.564990265625 0.4543686171875 0.5751491125 0.4719075359375 0.5804264390625
11 0.5044399281249999 0.4706727234375 0.48748179687500004 0.46671151093749996 0.4862917515625 0.47846309375 0.5040432453125 0.48163205781249996 0.5044399281249999 0.4706727234375
10 0.5055005921875 0.46038731874999994 0.4887710140625 0.455224015625 0.487779309375 0.46750375 0.5057291421875 0.469484359375 0.5055005921875 0.46038731874999994
20 0.507353415625 0.44774452656249997 0.4907544171875 0.44347243281250004 0.4888701828125 0.4544317765625 0.507117528125 0.459053184375 0.507353415625 0.44774452656249997
0 0.5012885875 0.44182851875000007 0.4967786828125 0.440902471875 0.496697171875 0.44470093750000006 0.500283646875 0.44611179375 0.5012885875 0.44182851875000007
6 0.5089925953125001 0.4315565078125 0.49185414375000003 0.4285229265625 0.49071299375 0.43970125 0.507667240625 0.44306560156249997 0.5089925953125001 0.4315565078125
1 0.5095300843749999 0.4212844953125 0.49364738125 0.41604227343750005 0.49242472031249995 0.42743765468749995 0.508889903125 0.43167022343749994 0.5095300843749999 0.4212844953125
1 0.5106946437500001 0.4107735984375 0.49650026093750005 0.40421278281250006 0.49193565625 0.414197309375 0.510194075 0.420383371875 0.5106946437500001 0.4107735984375
33 0.5475532953125 0.2957143703125 0.5315529999999999 0.2907773609375 0.530777725 0.299920025 0.5466154624999999 0.304933753125 0.5475532953125 0.2957143703125
12 0.548633003125 0.28578185 0.532742184375 0.2789601078125 0.5318668843750001 0.2903811921875 0.5471846390625 0.2948097796875 0.548633003125 0.28578185
20 0.5482349984375 0.283971396875 0.5484975890625 0.2740653546875 0.5481474687500001 0.27359918906249997 0.5335299546875001 0.2688209734375 0.532567125 0.2781443140625 0.5482349984375 0.283971396875
0 0.5431523140625 0.2675196078125 0.5398871734374999 0.2668237015625 0.5396104687500001 0.2705078875 0.5434151625 0.271244721875 0.5431523140625 0.2675196078125
5 0.5502987265625 0.25981567499999997 0.5357366 0.254297475 0.5342838984375 0.263323725 0.54853420625 0.26912631875000004 0.5502987265625 0.25981567499999997
6 0.5508309062500001 0.250591228125 0.53691259375 0.243244921875 0.5351831890625001 0.2540211625 0.5500560828125 0.2589948125 0.5508309062500001 0.250591228125
7 0.5521993671875001 0.23974489999999998 0.53765369375 0.23468914062500001 0.536339346875 0.2419654046875 0.5511430640625 0.249517984375 0.5521993671875001 0.23974489999999998