36 0.25625 0.64765625 0.21875 0.08125
8 0.34375 0.6453125 0.025 0.046875
2 0.3171875 0.64765625 0.0140625 0.0421875
3 0.290625 0.64921875 0.028125 0.04375
3 0.26171875 0.65 0.0296875 0.04375
0 0.2421875 0.65078125 0.0125 0.0125
14 0.2234375 0.653125 0.03125 0.0421875
25 0.19453125 0.65390625 0.0265625 0.04375
22 0.16640625 0.65625 0.03125 0.046875
36 0.78125 0.59375 0.1640625 0.0625
5 0.846875 0.5953125 0.0234375 0.0375
4 0.825 0.59765625 0.021875 0.034375
3 0.8015625 0.59921875 0.025 0.034375
0 0.78515625 0.59921875 0.009375 0.0125
14 0.76796875 0.6 0.028125 0.0359375
8 0.74375 0.6015625 0.0234375 0.0359375
20 0.71875 0.60234375 0.025 0.0359375
36 0.70390625 0.36328125 0.0734375 0.028125
36 0.73359375 0.2625 0.034375 0.0140625
4 0.73203125 0.3640625 0.009375 0.015625
7 0.72265625 0.3640625 0.00625 0.0140625
1 0.70897184375 0.35733974375 0.71137684375 0.3715955390625 0.71966995 0.37091076875 0.717430815625 0.3570284828125 0.70897184375 0.35733974375
8 0.700161340625 0.3570584875 0.7030837375 0.37165779374999997 0.7104646046875 0.370973015625 0.7081425375 0.35696622968749997 0.700161340625 0.3570584875
0 0.697958090625 0.362599009375 0.6982737453125 0.366366340625 0.70109339375 0.36611733125 0.70109339375 0.362257684375 0.697958090625 0.362599009375
11 0.6877194656250001 0.3570584875 0.6899806390625 0.3725293265625 0.6987713265625 0.371906803125 0.696780975 0.3563437046875 0.6877194656250001 0.3570584875
25 0.6790360734374999 0.35754449843749997 0.6815216625 0.37196905625 0.690146496875 0.3713465296875 0.6874927046875 0.3572774921875 0.6790360734374999 0.35754449843749997
25 0.6699638718750001 0.357738903125 0.671818728125 0.3722803171875 0.67986304375 0.3720313078125 0.678702009375 0.35746425 0.6699638718750001 0.357738903125
2 0.74765625 0.2625 0.003125 0.0078125
2 0.7390625 0.2625 0.003125 0.0078125
6 0.74375 0.2625 0.003125 0.00625
7 0.73359375 0.2625 0.003125 0.00625
0 0.73125 0.2625 0.003125 0.003125
33 0.728125 0.2625 0.0046875 0.00625
12 0.72421875 0.2625 0.0046875 0.0078125
23 0.71953125 0.2625 0.0046875 0.00625
20 0.33671875 0.27109375 0.00625 0.00625
19 0.34296875 0.271875 0.00625 0.00625
0 0.346875 0.271875 0.003125 0.003125
7 0.35078125 0.271875 0.00625 0.0078125
6 0.35703125 0.271875 0.0046875 0.00625