36 0.11328125 0.66328125 0.1984375 0.071875
2 0.19296875 0.66171875 0.01875 0.05
8 0.165625 0.66171875 0.025 0.04375
7 0.14140625 0.6625 0.0234375 0.0375
9 0.11640625 0.6640625 0.021875 0.040625
0 0.1 0.66328125 0.009375 0.009375
12 0.0828125 0.6640625 0.025 0.040625
21 0.05703125 0.665625 0.0265625 0.0421875
23 0.03125 0.66640625 0.025 0.040625
36 0.68359375 0.77890625 0.190625 0.0640625
2 0.76953125 0.77890625 0.01875 0.04375
7 0.7421875 0.77890625 0.025 0.040625
8 0.71796875 0.78125 0.025 0.040625
2 0.69296875 0.78359375 0.015625 0.046875
0 0.675 0.784375 0.0125 0.0140625
10 0.659375 0.7828125 0.0234375 0.04375
23 0.63359375 0.7859375 0.03125 0.04375
22 0.60703125 0.78515625 0.025 0.040625