36 0.37578125 0.7875 0.0625 0.15
6 0.371875 0.84609375 0.034375 0.025
2 0.37109375 0.82421875 0.0390625 0.01875
4 0.37109375 0.803125 0.0375 0.021875
0 0.3703125 0.7875 0.009375 0.0125
21 0.36796875 0.771875 0.0375 0.021875
17 0.36796875 0.7484375 0.0359375 0.025
8 0.36796875 0.72578125 0.034375 0.021875
36 0.422787571875 0.386622834375 0.3941377875 0.2033093 0.32253949375 0.223197965625 0.3544603890625 0.412538021875 0.422787571875 0.386622834375
1 0.3951145875 0.3670541203125 0.35798464375 0.3789116421875 0.363624303125 0.4070285359375 0.39942385156250004 0.39427786875000004 0.3951145875 0.3670541203125
3 0.390425790625 0.33800196875 0.351854590625 0.3504678421875 0.357249021875 0.37989249375 0.395255409375 0.366487925 0.390425790625 0.33800196875
4 0.3859377203125 0.31090801562500003 0.34695054375 0.32071624062500004 0.3520997828125 0.3471984265625 0.3915773796875 0.3364093734375 0.3859377203125 0.31090801562500003
0 0.36877355 0.3027344984375 0.3594558609375 0.3089463796875 0.36239828749999997 0.31483130937500003 0.372696790625 0.31385048125 0.36877355 0.3027344984375
27 0.38187563281250003 0.27254269062500003 0.3383684515625 0.28246419375 0.3444985125 0.3118888453125 0.3856925109375 0.2988112046875 0.38187563281250003 0.27254269062500003
27 0.341556078125 0.2808294859375 0.38187563281250003 0.27143944375 0.37662003125 0.24682766093750003 0.3388588375 0.2530395421875 0.341556078125 0.2808294859375
26 0.3305219703125 0.220672425 0.3368972421875 0.2530395421875 0.37662003125 0.24192356093749998 0.37465840156249997 0.212825859375 0.3305219703125 0.220672425
36 0.79375 0.3375 0.028125 0.06875
36 0.7921875 0.52265625 0.028125 0.0625
8 0.79140625 0.36328125 0.015625 0.009375
3 0.79140625 0.35546875 0.015625 0.009375
5 0.7921875 0.346875 0.015625 0.0078125
3 0.7921875 0.33828125 0.015625 0.009375
0 0.79296875 0.3328125 0.003125 0.003125
34 0.79453125 0.3265625 0.015625 0.009375
12 0.79453125 0.31875 0.015625 0.009375
23 0.7953125 0.31015625 0.0140625 0.009375
6 0.78828125 0.546875 0.0125 0.0078125
4 0.7890625 0.53828125 0.0125 0.009375
2 0.78984375 0.53125 0.0140625 0.00625
3 0.79140625 0.52421875 0.0125 0.0078125
0 0.790625 0.51875 0.003125 0.003125
3 0.7796875 0.69296875 0.015625 0.00625
4 0.78125 0.68671875 0.0125 0.00625
4 0.7828125 0.6796875 0.0125 0.0078125
8 0.75703125 0.84921875 0.0125 0.00625
8 0.7578125 0.84140625 0.0109375 0.0078125
9 0.75859375 0.83359375 0.0125 0.00625
14 0.75859375 0.8234375 0.0125 0.009375
3 0.759375 0.81484375 0.0125 0.00625
15 0.759375 0.80703125 0.0125 0.0078125
0 0.75859375 0.828125 0.003125 0.003125