36 0.494820665625 0.3528089171875 0.4237030671875 0.333460915625 0.3987685515625 0.527310115625 0.47654935 0.5411918874999999 0.494820665625 0.3528089171875
19 0.47161929375 0.3551462953125 0.433536321875 0.33815681406250003 0.4277614953125 0.3662138703125 0.47056308593749996 0.3761695921875 0.47161929375 0.3551462953125
6 0.46976287031249997 0.377069778125 0.42725195625 0.3673452078125 0.4252137796875 0.393365859375 0.46699628593750003 0.403774125 0.46976287031249997 0.377069778125
13 0.4676412421875 0.4042973296875 0.4231756203125 0.3954022625 0.41977867187499995 0.424816928125 0.4637691828125 0.43273624687499995 0.4676412421875 0.4042973296875
0 0.44140625 0.434375 0.009375 0.009375
4 0.46157115937500004 0.4448466671875 0.41923614374999996 0.43453001718750006 0.41652565781249995 0.4658238265625 0.4586025453125 0.47321742499999997 0.46157115937500004 0.4448466671875
6 0.4578041875 0.4743706203125 0.4164304109375 0.46616036406249994 0.41346179687499995 0.4950469671875 0.45592588593750005 0.501236946875 0.4578041875 0.4743706203125
5 0.45498272812499996 0.5015103734374999 0.41307458906249994 0.49539086250000003 0.4092024875 0.5230738625 0.452828203125 0.5311552203125001 0.45498272812499996 0.5015103734374999
12 0.7732175781249999 0.8237471718749999 0.753829271875 0.8191577046875 0.75427094375 0.8312197171875001 0.774036 0.8341616703125 0.7732175781249999 0.8237471718749999
0 0.76614873125 0.8324826578125 0.76133778125 0.8318081218750001 0.7612273640625 0.8385746062500001 0.764539940625 0.8381333171875 0.76614873125 0.8324826578125
1 0.77166588125 0.8373101640625 0.7533875953125 0.8347500890624999 0.7507375296875 0.8484301593750001 0.7709442578125 0.8504895328125001 0.77166588125 0.8373101640625
6 0.77166588125 0.8492639875 0.75140005 0.8459294953125 0.751068790625 0.8579915093749999 0.770171325 0.8626986609375 0.77166588125 0.8492639875
3 0.7695088109375 0.8629928343750001 0.7504062703125001 0.8579915093749999 0.7501854375 0.87167160625 0.7699504875 0.87417226875 0.7695088109375 0.8629928343750001
5 0.7686254578125 0.8859400796875001 0.769840065625 0.8734367921875 0.7697693609375 0.8738612781249999 0.7506271140624999 0.8703477234375001 0.7496333390625 0.881674259375 0.7686254578125 0.8859400796875001