36 0.177634278125 0.46024790156249995 0.170078965625 0.5243090718750001 0.326977625 0.5450958828125 0.3365476765625 0.479145009375 0.177634278125 0.46024790156249995
6 0.19171071875 0.521869646875 0.1976875109375 0.48702711406250004 0.17930865625 0.4840291609375 0.17366542499999998 0.5183336484375001 0.19171071875 0.521869646875
5 0.1994796203125 0.48532090156249996 0.1942393640625 0.521610921875 0.2166523125 0.524370721875 0.222169340625 0.48711335624999996 0.1994796203125 0.48532090156249996
7 0.22333325468749998 0.48672194375 0.219755640625 0.5247156953125 0.2351573609375 0.526354334375 0.2465362359375 0.49099433125 0.22333325468749998 0.48672194375
0 0.24765625 0.50859375 0.009375 0.0109375
11 0.2552339015625 0.4911406140625 0.24998438125 0.5283379390625 0.273086965625 0.5308390140625 0.2803280765625 0.4940991125 0.2552339015625 0.4911406140625
21 0.28038080625 0.49394269843750005 0.2748492453125 0.5309452296875 0.2987563859375 0.5333600625 0.3023194765625 0.49644767031250003 0.28038080625 0.49394269843750005
29 0.3059588015625 0.49674478125 0.29956095 0.5334463046875 0.3225485890625 0.5361198640625 0.329559825 0.49886249843749997 0.3059588015625 0.49674478125
36 0.6623300375000001 0.47579452343749995 0.6496361187499999 0.5423972421875 0.849319196875 0.5621742390625 0.8593463234375 0.49187992031250005 0.6623300375000001 0.47579452343749995
22 0.664263653125 0.49265723437500003 0.6570274031250001 0.5308232984375 0.68066298125 0.5334646703125 0.6869490390624999 0.49478736718749994 0.664263653125 0.49265723437500003
20 0.6884689921875 0.49513278125 0.6812915875 0.5328043296875 0.70605865 0.53459669375 0.7110874953125 0.49686273437499995 0.6884689921875 0.49513278125
19 0.714403284375 0.49855139218750005 0.7080701859375 0.5362947171875 0.7314543171875 0.5359173765625 0.7384947093750001 0.498183425 0.714403284375 0.49855139218750005
0 0.7390625 0.5171875 0.0078125 0.009375
8 0.75703125 0.51875 0.0234375 0.0390625
4 0.78359375 0.5203125 0.025 0.040625
6 0.8033657625 0.5042097828125 0.7958342046875 0.5403231734375 0.8190926171875 0.5439079015625 0.8260072796875001 0.5045702484375 0.8033657625 0.5042097828125
3 0.8286713453125 0.50491708125 0.8208527046875 0.5439079015625 0.8471284171875 0.5466436078125 0.852660159375 0.5073059625 0.8286713453125 0.50491708125
25 0.5852521875 0.2511232734375 0.581599303125 0.26853041875 0.5935592828125 0.2698570359375 0.5969912796875 0.2522988703125 0.5852521875 0.2511232734375