36 0.1331877078125 0.5262280015624999 0.1406364046875 0.5971667984375 0.321696575 0.5846987609375 0.31081003749999997 0.5227885484375 0.1331877078125 0.5262280015624999
36 0.7543618640624999 0.4660510859375 0.5956477359375 0.4772293140625 0.5968527953125 0.47718854843749997 0.6116910171875001 0.5382797078125 0.7709781984374999 0.521082390625 0.7543618640624999 0.4660510859375
26 0.2844080828125 0.5409656796875 0.2884284953125 0.57840698125 0.317640825 0.575511953125 0.309924353125 0.5391173546875 0.2844080828125 0.5409656796875
19 0.2609792140625 0.5423438484374999 0.2625232140625 0.5800612765625 0.28879594062499997 0.5779934015625 0.28420280781249996 0.541874521875 0.2609792140625 0.5423438484374999
16 0.2318079765625 0.5418270359374999 0.234229525 0.5817155828125 0.2610534203125 0.5799234203125 0.256644009375 0.54077165625 0.2318079765625 0.5418270359374999
0 0.22578125 0.56328125 0.0109375 0.009375
2 0.20703125 0.565625 0.01875 0.0390625
2 0.15 0.5671875 0.01875 0.0390625
9 0.1796875 0.56484375 0.025 0.0375
7 0.605924265625 0.49583066093749995 0.6156245296875 0.5285843453125 0.6352190609374999 0.5282931953125 0.6278468687500001 0.4939382265625 0.605924265625 0.49583066093749995
7 0.6282449078125001 0.49355863437499997 0.638129140625 0.5290210546874999 0.6569476625 0.5255273375 0.651903528125 0.4919002234375 0.6282449078125001 0.49355863437499997
7 0.6522570484375 0.49119380156250003 0.660633765625 0.5256729078125 0.680228296875 0.522470325 0.67576616875 0.48898878593750006 0.6522570484375 0.49119380156250003
0 0.684375 0.50703125 0.0078125 0.009375
24 0.6872705031249999 0.48990944687500004 0.6961690703125 0.5224035765624999 0.71802466875 0.517817975 0.7069414968750001 0.4861851078125 0.6872705031249999 0.48990944687500004
19 0.7170549875 0.4864130078125 0.7163673671875 0.520305078125 0.7387408625 0.51828430625 0.732111684375 0.4849415578125 0.7170549875 0.4864130078125
10 0.7382926203125 0.483790678125 0.7421590390625 0.51828430625 0.7631859875 0.516030365625 0.751274171875 0.48299850624999996 0.7382926203125 0.483790678125
23 0.40546875 0.25703125 0.0125 0.0171875
13 0.39375 0.25625 0.0125 0.01875
28 0.38125 0.25703125 0.0109375 0.01875
6 0.6904539140625 0.22911930156250002 0.6909800578125 0.2445662703125 0.701269596875 0.2443358 0.6971998546875 0.22768432500000002 0.6904539140625 0.22911930156250002
8 0.67922186875 0.23055930624999998 0.682456640625 0.24612194375000002 0.6915175796875 0.2447391203125 0.6879853484375 0.229297615625 0.67922186875 0.23055930624999998
3 0.6701018328125 0.2308473078125 0.672858196875 0.247504765625 0.6826870046875 0.24617955937499997 0.6778493875 0.2297585578125 0.6701018328125 0.2308473078125
1 0.66021379375 0.2332233171875 0.66418120625 0.2490028203125 0.6721671125 0.24675573593750003 0.668404521875 0.23160231874999998 0.66021379375 0.2332233171875
0 0.659375 0.240625 0.0046875 0.003125
30 0.646485740625 0.23365531874999998 0.6515880468749999 0.250155171875 0.6581149890625 0.24871473281249998 0.6555042109375 0.23315799375 0.646485740625 0.23365531874999998
17 0.6363097 0.23545532656249998 0.6403360874999999 0.2514793375 0.64916665625 0.25026937031249996 0.64594158125 0.2339636 0.6363097 0.23545532656249998
36 0.822418353125 0.10648690937500001 0.8254181421875 0.122482540625 0.8665556593750001 0.11848530937499999 0.8633988265625 0.104420953125 0.822418353125 0.10648690937500001
3 0.86171875 0.1125 0.00625 0.009375
2 0.85625 0.11328125 0.0046875 0.009375
2 0.8453125 0.11328125 0.0046875 0.009375
9 0.85 0.1125 0.00625 0.009375
0 0.84140625 0.11328125 0.003125 0.003125
12 0.83828125 0.11328125 0.00625 0.009375
32 0.8328125 0.1140625 0.0046875 0.0078125
22 0.82734375 0.1140625 0.00625 0.0078125