36 0.43828125 0.13203125 0.075 0.2234375
9 0.43984375 0.22265625 0.046875 0.0375
3 0.43671875 0.18984375 0.04375 0.0328125
5 0.434375 0.15703125 0.04375 0.034375
0 0.4328125 0.13515625 0.0125 0.015625
6 0.43203125 0.1125 0.04375 0.03125
26 0.43046875 0.07890625 0.04375 0.034375
12 0.42890625 0.04375 0.04375 0.0375
36 0.4914857125 0.8100238140625 0.4786958515625 0.6477899140625001 0.40350700625 0.6514008328124999 0.422885578125 0.816214003125 0.4914857125 0.8100238140625
30 0.45 0.79921875 0.040625 0.028125
15 0.44609375 0.7734375 0.040625 0.021875
21 0.4453125 0.75 0.04375 0.028125
0 0.44375 0.7328125 0.009375 0.009375
5 0.440625 0.71484375 0.040625 0.0265625
6 0.43828125 0.6890625 0.0390625 0.0265625
5 0.434375 0.6625 0.0375 0.025
29 0.75234375 0.253125 0.01875 0.0140625
17 0.75234375 0.23984375 0.01875 0.015625