36 0.4296875 0.44140625 0.08125 0.1953125
23 0.41796875 0.521875 0.0484375 0.028125
10 0.41953125 0.4921875 0.04375 0.025
11 0.42265625 0.46171875 0.0484375 0.0265625
0 0.4203125 0.4421875 0.0125 0.009375
4 0.421875 0.42109375 0.0484375 0.03125
7 0.42265625 0.39140625 0.0453125 0.028125
8 0.42421875 0.3609375 0.046875 0.034375
36 0.76015625 0.7671875 0.034375 0.075
2 0.75703125 0.7359375 0.01875 0.0078125
3 0.75703125 0.746875 0.0171875 0.0109375
3 0.75703125 0.759375 0.0171875 0.0125
0 0.75625 0.76796875 0.0046875 0.003125
19 0.7578125 0.775 0.0171875 0.0125
34 0.75703125 0.7875 0.0171875 0.0125
16 0.75625 0.7984375 0.015625 0.0109375