36 0.54773048125 0.18617146874999999 0.4841870984375 0.1777703546875 0.475352778125 0.3501358109375 0.5403733875000001 0.352961503125 0.54773048125 0.18617146874999999
22 0.5334015640625 0.1881316796875 0.49561155 0.18431492031250002 0.4946051984375 0.2073384953125 0.5316725890625 0.2111385140625 0.5334015640625 0.1881316796875
28 0.5306768390625 0.21048838593750002 0.49544382656249997 0.2084561453125 0.4939342921875 0.22611501406249998 0.5296598718750001 0.2321503328125 0.5306768390625 0.21048838593750002
28 0.5298384640625 0.2328450921875 0.4939342921875 0.2305856125 0.492927940625 0.2498091859375 0.529324425 0.25405625781249996 0.5298384640625 0.2328450921875
0 0.5109375 0.25625 0.009375 0.009375
5 0.51171875 0.2734375 0.0359375 0.021875
2 0.509375 0.29375 0.034375 0.009375
9 0.509375 0.31640625 0.0328125 0.0203125
4 0.5078125 0.33828125 0.034375 0.01875
36 0.42578125 0.81953125 0.0625 0.1625
23 0.421875 0.88359375 0.034375 0.0265625
33 0.4203125 0.85859375 0.0359375 0.021875
12 0.41953125 0.83671875 0.034375 0.025
0 0.41953125 0.81953125 0.009375 0.009375
8 0.41875 0.80234375 0.0359375 0.025
4 0.41796875 0.778125 0.0375 0.0234375
1 0.41796875 0.7546875 0.0375 0.025
22 0.7265625 0.52109375 0.015625 0.009375
23 0.72578125 0.53125 0.015625 0.009375
23 0.72578125 0.54296875 0.015625 0.009375
0 0.72578125 0.54921875 0.003125 0.003125
9 0.72578125 0.55703125 0.015625 0.009375
9 0.66484375 0.9671875 0.015625 0.0125
5 0.665625 0.97890625 0.0171875 0.0125
8 0.665625 0.99140625 0.015625 0.0109375