36 0.4921875 0.47734375 0.23125 0.0875
33 0.57578125 0.4796875 0.028125 0.046875
30 0.5484375 0.484375 0.0296875 0.0453125
22 0.51640625 0.48671875 0.0328125 0.04375
0 0.49296875 0.4890625 0.0109375 0.0109375
8 0.46953125 0.49140625 0.03125 0.046875
6 0.43671875 0.49140625 0.034375 0.04375
3 0.3844400015625 0.47112335781250003 0.392371759375 0.5198231265625 0.424846475 0.5161101796875001 0.4181397390625 0.46996378906249997 0.3844400015625 0.47112335781250003
23 0.0725624984375 0.09350816875 0.074609096875 0.11518940156249999 0.08832135468749999 0.114574340625 0.08770738125000001 0.092893103125 0.0725624984375 0.09350816875
17 0.0570107359375 0.09286965781249999 0.0594642359375 0.1158044703125 0.0739951234375 0.11565070625 0.072153184375 0.09350816875 0.0570107359375 0.09286965781249999
20 0.041650859375 0.093445653125 0.044319353125 0.11565070625 0.0570083 0.11565070625 0.055984989062500004 0.092893103125 0.041650859375 0.093445653125
0 0.040625 0.10546875 0.00625 0.00625
3 0.02890625 0.1046875 0.015625 0.021875
9 0.01328125 0.1046875 0.0140625 0.021875