36 0.52890625 0.55703125 0.190625 0.0859375
3 0.6078125 0.56171875 0.021875 0.040625
1 0.58125 0.559375 0.025 0.04375
8 0.55546875 0.55859375 0.025 0.04375
4 0.53046875 0.5578125 0.025 0.040625
0 0.51171875 0.55625 0.0078125 0.0109375
15 0.49375 0.55546875 0.025 0.040625
20 0.4703125 0.5546875 0.0203125 0.0421875
22 0.446875 0.553125 0.0234375 0.040625
13 0.70234375 0.2546875 0.0125 0.01875
36 0.8015625 0.140625 0.046875 0.01875
1 0.82109375 0.140625 0.00625 0.009375
6 0.81484375 0.140625 0.00625 0.009375
9 0.809375 0.140625 0.00625 0.009375
5 0.803125 0.13984375 0.00625 0.009375
14 0.78203125 0.140625 0.00625 0.009375
22 0.78828125 0.140625 0.0046875 0.009375
16 0.79453125 0.140625 0.00625 0.009375