36 0.5397520984375 0.177634278125 0.47569092812499997 0.170078965625 0.4549041171875 0.326977625 0.520854990625 0.3365476765625 0.5397520984375 0.177634278125
6 0.47813035312499996 0.19171071875 0.5129728859375 0.1976875109375 0.5159708390625 0.17930865625 0.4816663515625 0.17366542499999998 0.47813035312499996 0.19171071875
5 0.5146790984375 0.1994796203125 0.47838907812500003 0.1942393640625 0.475629278125 0.2166523125 0.51288664375 0.222169340625 0.5146790984375 0.1994796203125
7 0.51327805625 0.22333325468749998 0.47528430468750005 0.219755640625 0.473645665625 0.2351573609375 0.50900566875 0.2465362359375 0.51327805625 0.22333325468749998
0 0.49140625 0.24765625 0.0109375 0.009375
11 0.5088593859375 0.2552339015625 0.4716620609375 0.24998438125 0.4691609859375 0.273086965625 0.5059008875 0.2803280765625 0.5088593859375 0.2552339015625
21 0.5060573015625 0.28038080625 0.4690547703125 0.2748492453125 0.4666399375 0.2987563859375 0.5035523296875 0.3023194765625 0.5060573015625 0.28038080625
29 0.50325521875 0.3059588015625 0.46655369531249996 0.29956095 0.4638801359375 0.3225485890625 0.5011375015625 0.329559825 0.50325521875 0.3059588015625
36 0.5242054765625 0.6623300375000001 0.45760275781250004 0.6496361187499999 0.4378257609375 0.849319196875 0.5081200796875 0.8593463234375 0.5242054765625 0.6623300375000001
22 0.507342765625 0.664263653125 0.4691767015625 0.6570274031250001 0.4665353296875 0.68066298125 0.5052126328125001 0.6869490390624999 0.507342765625 0.664263653125
20 0.5048672187500001 0.6884689921875 0.4671956703125 0.6812915875 0.46540330625 0.70605865 0.503137265625 0.7110874953125 0.5048672187500001 0.6884689921875
19 0.5014486078125 0.714403284375 0.4637052828125 0.7080701859375 0.4640826234375 0.7314543171875 0.501816575 0.7384947093750001 0.5014486078125 0.714403284375
0 0.4828125 0.7390625 0.009375 0.0078125
8 0.48125 0.75703125 0.0390625 0.0234375
4 0.4796875 0.78359375 0.040625 0.025
6 0.49579021718750005 0.8033657625 0.45967682656250003 0.7958342046875 0.4560920984375 0.8190926171875 0.4954297515625 0.8260072796875001 0.49579021718750005 0.8033657625
3 0.49508291875 0.8286713453125 0.4560920984375 0.8208527046875 0.4533563921875 0.8471284171875 0.4926940375 0.852660159375 0.49508291875 0.8286713453125
25 0.7488767265625 0.5852521875 0.7314695812500001 0.581599303125 0.7301429640625 0.5935592828125 0.7477011296875 0.5969912796875 0.7488767265625 0.5852521875