36 0.5125 0.56875 0.2171875 0.071875
23 0.4265625 0.57265625 0.0296875 0.04375
20 0.4546875 0.571875 0.028125 0.0421875
32 0.48125 0.56953125 0.025 0.040625
0 0.49921875 0.56796875 0.009375 0.00625
8 0.51640625 0.56640625 0.025 0.0421875
9 0.54140625 0.5640625 0.0265625 0.040625
3 0.56640625 0.5625 0.025 0.040625
3 0.59453125 0.559375 0.028125 0.040625
23 0.8828125 0.51875 0.025 0.040625
12 0.9078125 0.51640625 0.0234375 0.040625
34 0.934375 0.51484375 0.0265625 0.040625
0 0.95 0.51328125 0.009375 0.0078125
7 0.96484375 0.51171875 0.021875 0.040625
1 0.98828125 0.50859375 0.0234375 0.0390625