36 0.4890625 0.259375 0.06875 0.190625
6 0.48046875 0.1859375 0.0421875 0.03125
5 0.48203125 0.2125 0.040625 0.028125
9 0.48203125 0.2421875 0.0375 0.03125
0 0.48515625 0.26171875 0.0109375 0.0125
13 0.484375 0.28125 0.0375 0.0296875
24 0.48671875 0.3078125 0.0359375 0.028125
30 0.48828125 0.33515625 0.040625 0.0265625
36 0.365625 0.790625 0.065625 0.1796875
5 0.37421875 0.86640625 0.040625 0.025
7 0.37109375 0.840625 0.040625 0.025
9 0.36875 0.81796875 0.0390625 0.021875
8 0.3671875 0.79296875 0.040625 0.025
0 0.36484375 0.778125 0.009375 0.009375
30 0.36328125 0.76171875 0.040625 0.025
26 0.3609375 0.73828125 0.0375 0.0265625
22 0.3609375 0.71171875 0.0359375 0.0234375