36 0.55546875 0.88359375 0.08125 0.159375
36 0.5129262156250001 0.7518042625 0.466718325 0.591821634375 0.4070904296875 0.61362815 0.44660298750000005 0.7736070625 0.5129262156250001 0.7518042625
36 0.399108446875 0.3668250609375 0.34439361874999996 0.1366894171875 0.2689175046875 0.16715925625 0.3247934234375 0.3951358796875 0.399108446875 0.3668250609375
2 0.32301541093749997 0.15840438125 0.2773406 0.1780334828125 0.28375771250000004 0.197662565625 0.3313198921875 0.1780334828125 0.32301541093749997 0.15840438125
2 0.333332021875 0.1959446859375 0.28677754843750003 0.21326516875 0.292817196875 0.23339759531249998 0.34113435625 0.21477510937500002 0.333332021875 0.1959446859375
7 0.3413994078125 0.22368517031250001 0.29508205468750004 0.251013428125 0.2996117984375 0.2656094484375 0.3509487671875 0.260073009375 0.3413994078125 0.22368517031250001
0 0.33205822500000004 0.2655789609375 0.320750553125 0.2696359140625 0.3237703390625 0.284735190625 0.3362271234375 0.27869549375 0.33205822500000004 0.2655789609375
17 0.3528635875 0.27293868125 0.3064063984375 0.2892649796875 0.31584332187499997 0.3255033 0.3626505875 0.30688084843749996 0.3528635875 0.27293868125
28 0.3626293703125 0.3063404875 0.31508836875 0.32701324062500003 0.32490280625 0.3536886890625 0.3713325578125 0.3385894125 0.3626293703125 0.3063404875
16 0.371545953125 0.34257295625 0.3245253171875 0.355198596875 0.3328298234375 0.3874104515625 0.37737221875000004 0.368284640625 0.371545953125 0.34257295625
6 0.447973815625 0.603559953125 0.40892631875 0.6174479296875 0.4164758734375 0.6400968781249999 0.45497860625 0.6249975671875 0.447973815625 0.603559953125
5 0.45434280468750005 0.6279036421875 0.4164758734375 0.6421100765625 0.4225154953125 0.6657656421875 0.46101826875 0.650666365625 0.45434280468750005 0.6279036421875
5 0.4615609921875 0.6494166703124999 0.42364796406250005 0.6672755828125 0.430820040625 0.6879113 0.4681903328125 0.6723086640625 0.4615609921875 0.6494166703124999
0 0.4518083625 0.6825543093750001 0.44445069843749996 0.6852111578125 0.44713820625 0.6938112953125 0.45430488281250003 0.6907057 0.4518083625 0.6825543093750001
23 0.46954324999999997 0.686584965625 0.4333423515625 0.700739153125 0.4399715296875 0.7231950234375 0.47490908125000003 0.7095781750000001 0.46954324999999997 0.686584965625
32 0.475589234375 0.712381165625 0.4394340234375 0.7258228531250001 0.44552570312500006 0.7461286921875 0.48153826562499996 0.7310784781249999 0.475589234375 0.712381165625
13 0.4818367515625 0.733340578125 0.44660070625000003 0.7463675921874999 0.4534090453125 0.76667343125 0.487988278125 0.7542510140625 0.4818367515625 0.733340578125
23 0.5602330156249999 0.8150285437499999 0.5280185203125 0.8215014203125 0.5330351953125 0.841329478125 0.5647477484375 0.8336849203125001 0.5602330156249999 0.8150285437499999
21 0.5640621390625 0.834644403125 0.5324976890625 0.843001725 0.5357226953125 0.8599630859375 0.5656435859375 0.8499295984374999 0.5640621390625 0.834644403125
10 0.566279 0.8550663953125 0.5342893656250001 0.8621131 0.539306040625 0.8797911421875 0.569406090625 0.868563190625 0.566279 0.8550663953125
0 0.557814621875 0.8730699921875 0.55005605625 0.876446646875 0.5522060640625 0.8819411734375 0.5588352359375001 0.880268909375 0.557814621875 0.8730699921875
5 0.5710185937500001 0.878357778125 0.5409185437499999 0.886241234375 0.542889378125 0.9020081125000001 0.5747811046875 0.8953191546875001 0.5710185937500001 0.878357778125
8 0.57454184375 0.8967165093749999 0.5430685453125 0.9036804093749999 0.5462935453125 0.9213583875 0.57693110625 0.9125193656249999 0.57454184375 0.8967165093749999
8 0.5785725 0.9292304687499999 0.5491602234374999 0.9390364296874999 0.552026896875 0.95360884375 0.5824852828125 0.945247621875 0.5785725 0.9292304687499999
1 0.5769602390624999 0.91310784375 0.5464727171875 0.9213583875 0.55041439375 0.9373641656249999 0.578543603125 0.928286278125 0.5769602390624999 0.91310784375