36 0.38490188281250004 0.611115675 0.22594471249999998 0.6488675500000001 0.23190560625 0.7035084031250001 0.3981483109375 0.6627761125 0.38490188281250004 0.611115675
36 0.6286362140625 0.50034376875 0.5007170703125 0.51745868125 0.50544445625 0.5723703515625 0.6372463859375 0.5544878718749999 0.6286362140625 0.50034376875
14 0.230530571875 0.6587540625 0.2367417796875 0.6933332953125 0.26039211562500003 0.6883166140625 0.25322534218750004 0.6533790484375 0.230530571875 0.6587540625
22 0.2515428046875 0.652787165625 0.260153215625 0.68706244375 0.2828479859375 0.6829416 0.274725646875 0.6483623734374999 0.2515428046875 0.652787165625
25 0.2761590109375 0.64872070625 0.2835646671875 0.6834791046875 0.3057816375 0.6784624296875 0.2959870515625 0.6447790343750001 0.2761590109375 0.64872070625
0 0.2988358375 0.6558101578125 0.30243715937500004 0.6655624062500001 0.3110372640625 0.663054065625 0.3076927859375 0.656245728125 0.2988358375 0.6558101578125
1 0.305822309375 0.642307459375 0.3141428765625 0.6772082593750001 0.3342098171875 0.67057908125 0.326087478125 0.63958319375 0.305822309375 0.642307459375
5 0.3253708125 0.63725401875 0.33612096406249997 0.67237075 0.35523233906249996 0.666279071875 0.3454377515625 0.632058184375 0.3253708125 0.63725401875
9 0.34758778281249997 0.6333123484375001 0.356665703125 0.6660999109375 0.370760334375 0.658933234375 0.365982490625 0.6275790078125 0.34758778281249997 0.6333123484375001
8 0.373627046875 0.658037396875 0.3927384375 0.653916553125 0.384377215625 0.6216664953125 0.36669917343749997 0.6272206687499999 0.373627046875 0.658037396875
4 0.51484375 0.553125 0.0234375 0.03125
5 0.53671875 0.55 0.021875 0.03125
5 0.5578125 0.54765625 0.0203125 0.0328125
0 0.57109375 0.54453125 0.009375 0.009375
13 0.5718405609375 0.528207071875 0.5790477515625 0.5604039953125 0.5984758328125 0.556291253125 0.591581984375 0.5259744421875 0.5718405609375 0.528207071875
16 0.5932240906249999 0.5260739437499999 0.59957256875 0.5589939203125 0.6185305999999999 0.5561737421874999 0.6103833562500001 0.523624303125 0.5932240906249999 0.5260739437499999
21 0.6125768500000001 0.524916875 0.6186872828125 0.556408759375 0.6360785515625 0.5531185625 0.6232309328125 0.52444685 0.6125768500000001 0.524916875
36 0.24765625 0.24765625 0.065625 0.025
6 0.22112492343749998 0.24520910625 0.2250080703125 0.2563730046875 0.23268189375 0.25574894062500003 0.22879875312500003 0.24396096875 0.22112492343749998 0.24520910625
1 0.228698684375 0.24460717812500002 0.233051715625 0.2565810296875 0.240078353125 0.25581827968750004 0.23638012343749998 0.244307675 0.228698684375 0.24460717812500002
9 0.23701836250000002 0.2443731875 0.24026327187500002 0.2552635484375 0.24867674375 0.25547157343750004 0.245070965625 0.2438916296875 0.23701836250000002 0.2443731875
0 0.2468276296875 0.248260109375 0.24830692187499998 0.2523512296875 0.25089568125 0.2518658421875 0.24923147656250003 0.248260109375 0.2468276296875 0.248260109375
20 0.24867674375 0.24437701562499997 0.252559884375 0.2558876171875 0.2608809125 0.25547157343750004 0.255795840625 0.24340624375000003 0.24867674375 0.24437701562499997
33 0.2568815921875 0.24359321718750002 0.26226774062499997 0.25574894062500003 0.2671679078125 0.255055534375 0.2645791421875 0.243614265625 0.2568815921875 0.24359321718750002
32 0.264473296875 0.24359321718750002 0.2685547359375 0.2556795984375 0.2760436671875 0.2553328921875 0.2723454375 0.24292085624999998 0.264473296875 0.24359321718750002
8 0.7714116203125 0.2525461 0.7770684921875 0.24282339999999997 0.7727563046875 0.24150301562499998 0.7658984171875 0.2509325015625 0.7714116203125 0.2525461
2 0.7780005734375 0.24316704374999998 0.771478853125 0.25294950312500003 0.7748405640625 0.2535546046875 0.7806899406250001 0.24382257031250001 0.7780005734375 0.24316704374999998
6 0.781757321875 0.24361747656250002 0.77524396875 0.2535546046875 0.780555471875 0.254714378125 0.7864720890625 0.24432682031250003 0.781757321875 0.24361747656250002
20 0.7883368078124999 0.244865309375 0.7817656890625 0.2543614046875 0.7877495328124999 0.255521178125 0.7938678484375 0.2448310703125 0.7883368078124999 0.244865309375
29 0.7945106015625 0.24527223125000003 0.7880237578125 0.25440947343750003 0.7908197828125 0.255992109375 0.7991023609375 0.24665455 0.7945106015625 0.24527223125000003
8 0.9892619203124999 0.29673917968749997 0.9779136015625 0.30790704375 0.9871952171875 0.31066522343749997 0.9962141499999999 0.29838475781249996 0.9892619203124999 0.29673917968749997
7 0.9815795640625 0.295778884375 0.972747428125 0.306133928125 0.9782638625000001 0.30790704375 0.9894718359375 0.2971370078125 0.9815795640625 0.295778884375
4 0.97438966875 0.294523115625 0.96574244375 0.3049518515625 0.972309615625 0.30725033281249997 0.9813285421875 0.295626575 0.97438966875 0.294523115625
0 0.96828318125 0.2979210796875 0.9660051265625 0.3004862234375 0.9694200593750001 0.3012742765625 0.971083740625 0.2985817671875 0.96828318125 0.2979210796875
21 0.9650329531249999 0.2922331828125 0.9561981515625 0.303047396875 0.9628528812500001 0.305214534375 0.9693324953125 0.2929340671875 0.9650329531249999 0.2922331828125
3 0.9587294828124999 0.291420625 0.9491931593749999 0.3019309859375 0.9562857093750001 0.303310075 0.9654797546875 0.29214601562500003 0.9587294828124999 0.291420625
20 0.952695659375 0.28951917968749996 0.9429762296875 0.30009220000000003 0.949806090625 0.302653365625 0.95970064375 0.2908325984375 0.952695659375 0.28951917968749996