36 0.4565069390625 0.4835859046875 0.46883553125 0.55314513125 0.6411205 0.5373346296875 0.633063990625 0.47037254375000004 0.4565069390625 0.4835859046875
36 0.26328125 0.26640625 0.103125 0.0375
7 0.08984375 0.32421875 0.0125 0.0203125
9 0.078125 0.32421875 0.0109375 0.01875
9 0.065625 0.3234375 0.0125 0.01875
1 0.2959974015625 0.2564091890625 0.29866729375 0.2759569875 0.310498646875 0.274395175 0.3063357578125 0.2554068453125 0.2959974015625 0.2564091890625
1 0.2832601453125 0.25620375 0.2853022375 0.2760391875 0.29757179843750003 0.2743129765625 0.29527125 0.255900046875 0.2832601453125 0.25620375
3 0.2706598484375 0.256511909375 0.2724849359375 0.277189996875 0.28639773281249997 0.27587478593750003 0.28223485312499996 0.2559822515625 0.2706598484375 0.256511909375
6 0.25942915 0.25712822812499997 0.25944853125 0.276367990625 0.2724849359375 0.2754637828125 0.2701843953125 0.2560644484375 0.25942915 0.25712822812499997
0 0.25625 0.2671875 0.00625 0.0046875
19 0.241487421875 0.258874465625 0.24216391874999998 0.2794713390625 0.2539952796875 0.27700532187500004 0.2522424875 0.257194984375 0.241487421875 0.258874465625
20 0.227517528125 0.257641828125 0.22956571406249998 0.2787315359375 0.2420543703125 0.27782732656250003 0.240630221875 0.2564551796875 0.227517528125 0.257641828125
22 0.2139585140625 0.2590799046875 0.2165293125 0.27996454375 0.2304421140625 0.27864933281250004 0.22726517343750002 0.25777038750000003 0.2139585140625 0.2590799046875
5 0.6104222171875 0.489059715625 0.617149609375 0.5248834578125 0.6364636859374999 0.5217895875 0.6306043625 0.485151671875 0.6104222171875 0.489059715625
6 0.5906192765625 0.4902476828125 0.5921832546875 0.5262360921875 0.6149913421875 0.52369343125 0.60951740625 0.48809620468750003 0.5906192765625 0.4902476828125
9 0.5641376421875 0.49263871562499995 0.5706784875 0.5303434625000001 0.5881429671875 0.5225198953125 0.586578978125 0.4908344515625 0.5641376421875 0.49263871562499995
1 0.542792246875 0.49544946406249996 0.5482614 0.531125821875 0.5691145078125001 0.5272140390625 0.56311923125 0.4923013703125 0.542792246875 0.49544946406249996
0 0.535296915625 0.5095032078124999 0.5364594859375 0.516725603125 0.5445400625000001 0.5155520671875 0.5431064125 0.5089020359374999 0.535296915625 0.5095032078124999
22 0.5100409124999999 0.496793734375 0.51534571875 0.53393745 0.5385447953125 0.531101415625 0.5330708578125 0.49501520625 0.5100409124999999 0.496793734375
12 0.48820669062500005 0.499726690625 0.4934759625 0.535624375 0.5140684015625 0.531908178125 0.5085944640625 0.49728889218749994 0.48820669062500005 0.499726690625
22 0.464417165625 0.5011931671875 0.46832189687500003 0.53709129375 0.4908693234375 0.535526575 0.4853953765625 0.4991469890625 0.464417165625 0.5011931671875