36 0.5742416890625 0.6152417875 0.589252225 0.658513784375 0.608015378125 0.6525330874999999 0.594881215625 0.6117237390625 0.5742416890625 0.6152417875
3 0.5551240109375 0.618952425 0.5662673593750001 0.6620318203125 0.5864377937499999 0.65569935625 0.5742416890625 0.6166490015625 0.5551240109375 0.618952425
1 0.5287425765625 0.6248882484375 0.5414061859375 0.667308909375 0.5639219578125 0.6599209984375001 0.5531331328125 0.6208706453125 0.5287425765625 0.6248882484375
7 0.5071098 0.6304283484375001 0.52029763125 0.6708269453125 0.5343699796875 0.6648462734375 0.528271959375 0.6240369125 0.5071098 0.6304283484375001
0 0.502888771875 0.6494229828125 0.5052870953124999 0.6567547546875 0.5137485828125 0.6541914765625 0.51158126875 0.6471477906249999 0.502888771875 0.6494229828125
31 0.4743242625 0.6379224921875 0.4877408359375 0.678212240625 0.5086915125 0.67297463125 0.4966508765625 0.6326992171875 0.4743242625 0.6379224921875
19 0.4521128859375 0.644017078125 0.46582686406249996 0.6847141 0.4879816234375 0.678212240625 0.47256962500000005 0.6359501484375001 0.4521128859375 0.644017078125
22 0.426109321875 0.6476738296875 0.439337478125 0.6892292828125 0.46293712343750004 0.682727421875 0.4508964890625 0.64118775625 0.426109321875 0.6476738296875
36 0.5965060484375 0.597669346875 0.41876813437499993 0.6297419875 0.43280009062499997 0.703909853125 0.617219853125 0.6673270875 0.5965060484375 0.597669346875
7 0.7113902859375 0.2541311515625 0.7131152046875 0.266940665625 0.7189446515625 0.2657807453125 0.7178739375000001 0.2531999921875 0.7113902859375 0.2541311515625
9 0.7053684859375 0.255034421875 0.70764265625 0.2664053171875 0.713472103125 0.2659591890625 0.7108548015625 0.2539137921875 0.7053684859375 0.255034421875
3 0.8132256312499999 0.2530271546875 0.8170406828125 0.2656591765625 0.8251305421874999 0.2642315734375 0.8203718015625 0.25165082656250004 0.8132256312499999 0.2530271546875
9 0.8201841562500001 0.25172243125 0.8247736265625001 0.263696225 0.830841009375 0.2630716484375 0.8271529921875 0.25040167343749997 0.8201841562500001 0.25172243125
3 0.8275441359375 0.2505180703125 0.83119791875 0.2641423515625 0.8384549890624999 0.2627147546875 0.8333393484375 0.2500447734375 0.8275441359375 0.2505180703125
0 0.8363761109375 0.2556366015625 0.8371463374999999 0.2582534953125 0.8396446687499999 0.25780736718749997 0.8385739531249999 0.2552198328125 0.8363761109375 0.2556366015625