36 0.0722175765625 0.49354112343749995 0.101790378125 0.57512451875 0.3191515625 0.54691765625 0.29719209375 0.47011685156249994 0.0722175765625 0.49354112343749995
22 0.0838913859375 0.514553571875 0.0970964 0.55856219375 0.12353312187500001 0.5540464968750001 0.11192675625 0.5113086921875001 0.0838913859375 0.514553571875
32 0.113180821875 0.508910653125 0.125467503125 0.5543690531250001 0.1501847578125 0.5501759125000001 0.13836346093750002 0.5084057421875 0.113180821875 0.508910653125
14 0.1424471859375 0.506631721875 0.154483409375 0.551788659375 0.1837142625 0.548885709375 0.1710332328125 0.5056640765625 0.1424471859375 0.506631721875
0 0.18203125 0.525 0.0109375 0.0125
8 0.1833142390625 0.5052830625 0.194675646875 0.5483616312499999 0.2211123671875 0.5423944578125 0.21101054062500002 0.5022370484375 0.1833142390625 0.5052830625
5 0.21179754375 0.5008493406250001 0.22132728125 0.5433621046875 0.24991332968750002 0.5382013171875 0.240241359375 0.4982051796875 0.21179754375 0.5008493406250001
8 0.24108697812500002 0.498430946875 0.2520626546875 0.5406204390625 0.28107856249999996 0.5340081703124999 0.2662482234375 0.49691497656249994 0.24108697812500002 0.498430946875
4 0.270107703125 0.49621408593750005 0.2827980296875 0.5382013171875 0.30794514375 0.5327179734375 0.2969835984375 0.492721834375 0.270107703125 0.49621408593750005
36 0.6193470328124999 0.42032123749999994 0.6342350140625 0.49236435156249997 0.81351594375 0.469861346875 0.7986857203125 0.4013631765625 0.6193470328124999 0.42032123749999994
15 0.6263992359375 0.4439909234375 0.6351508359375 0.483559634375 0.6571102734375 0.47757815625 0.6539517265625 0.43999643906249997 0.6263992359375 0.4439909234375
3 0.6564856546875 0.4386317796875 0.6595167859375 0.4787067359375 0.6880941375 0.47509528437500004 0.680423378125 0.43683641562500003 0.6564856546875 0.4386317796875
29 0.6829993109375 0.4363752984375 0.6906510546875 0.4757724296875 0.717874740625 0.471145253125 0.7086999203125 0.43356353125 0.6829993109375 0.4363752984375
0 0.71796875 0.453125 0.0078125 0.0078125
1 0.7221116546874999 0.4332726359375 0.7294561078124999 0.471145253125 0.753220415625 0.46764666093749996 0.7457000593750001 0.4317578015625 0.7221116546874999 0.4332726359375
9 0.7478731515625 0.4311571859375 0.756165659375 0.468297665625 0.7818852749999999 0.4651376375 0.7709055625000001 0.427217346875 0.7478731515625 0.4311571859375
2 0.779839971875 0.4277724625 0.790909703125 0.464911925 0.80203984375 0.4631061984375 0.7916617375 0.4252987609375 0.779839971875 0.4277724625