12 0.06988885781250001 0.6754240625000001 0.08196928906249999 0.7150040515625 0.11170485156250001 0.71334915625 0.102527225 0.66783926875 0.06988885781250001 0.6754240625000001
23 0.0340719578125 0.6769738328125 0.0434232015625 0.7232785749999999 0.078665346875 0.7180380453125 0.06765217968750001 0.6711490828125 0.0340719578125 0.6769738328125
20 0 0.6836895015625 0.0096494984375 0.7312772859375001 0.0426890015625 0.7232785749999999 0.033878475000000005 0.6772170609375 0 0.6836895015625
36 0.52734375 0.48203125 0.2 0.06875
7 0.60625 0.4765625 0.025 0.0421875
1 0.58359375 0.478125 0.025 0.040625
3 0.5438777171875 0.459761046875 0.548216346875 0.50415285625 0.577627353125 0.499073009375 0.5688378796875 0.45741821250000003 0.5438777171875 0.459761046875
4 0.5159692046875 0.46166390156250003 0.52455234375 0.505422815625 0.5505827515624999 0.5026289234375 0.5448357859375 0.45792618906250004 0.5159692046875 0.46166390156250003
0 0.5089920765625 0.47926529218749997 0.5127203234375 0.48789732812500003 0.5225239921875 0.48611939218750005 0.5215098359375 0.47773761875 0.5089920765625 0.47926529218749997
14 0.484254984375 0.46451818125 0.49074660156250005 0.5069467765625 0.5161009234375 0.5033908765625 0.51001590625 0.46173607812500006 0.484254984375 0.46451818125
16 0.45824932343749997 0.4673724609375 0.4647452171875 0.5092596281249999 0.4890853640625 0.5054497390625 0.481310046875 0.4653188734375 0.45824932343749997 0.4673724609375
22 0.4335122328125 0.470226740625 0.43871481093750003 0.511291553125 0.4647452171875 0.507227659375 0.45730795312500006 0.4660808546875 0.4335122328125 0.470226740625
21 0.729430734375 0.238374421875 0.732485965625 0.2579661453125 0.743619796875 0.2562016078125 0.739966525 0.23731459687499998 0.729430734375 0.238374421875
24 0.7417931609374999 0.23777206562500003 0.74344584375 0.25639766875 0.7509263828125 0.25469849375 0.754927603125 0.2368571234375 0.7417931609374999 0.23777206562500003