36 0.25 0.53828125 0.14375 0.053125
29 0.30703125 0.53984375 0.021875 0.0328125
25 0.2859375 0.54140625 0.021875 0.03125
17 0.2625 0.54140625 0.021875 0.03125
0 0.24921875 0.54375 0.0125 0.0078125
2 0.23359375 0.54296875 0.015625 0.03125
2 0.19140625 0.5453125 0.015625 0.0296875
9 0.2125 0.54453125 0.021875 0.028125
36 0.803125 0.48828125 0.146875 0.05
36 0.52578125 0.33984375 0.0734375 0.028125
7 0.86328125 0.484375 0.01875 0.03125
9 0.84375 0.48671875 0.01875 0.0296875
5 0.825 0.48671875 0.01875 0.03125
3 0.80625 0.4875 0.01875 0.03125
0 0.7921875 0.48671875 0.009375 0.009375
30 0.77890625 0.48828125 0.01875 0.0296875
12 0.76015625 0.48828125 0.021875 0.03125
23 0.740625 0.48984375 0.0203125 0.03125
9 0.5497744734375 0.33345122968749996 0.5507597953125 0.3480070625 0.56161155625 0.34765908749999996 0.5593855453125001 0.3324177765625 0.5497744734375 0.33345122968749996
9 0.5387022875 0.33353129843749996 0.5400007828125 0.34912058125 0.550574290625 0.34821585 0.5487192890625 0.333252921875 0.5387022875 0.33353129843749996
5 0.527742678125 0.33475574375 0.5284997812500001 0.3493989625 0.5395370328125 0.348494225 0.537960284375 0.3337400828125 0.527742678125 0.33475574375
0 0.52578125 0.3421875 0.003125 0.003125
6 0.51313211875 0.33536451718750004 0.5146750171875001 0.350615253125 0.5248775234374999 0.349501734375 0.5228370171875001 0.3347475890625 0.51313211875 0.33536451718750004
5 0.5021162203125 0.33579935625 0.5046580078125 0.351519990625 0.5133765140625 0.350545659375 0.511892515625 0.3354435390625 0.5021162203125 0.33579935625
23 0.49121627968750003 0.3364081296875 0.49250775156250004 0.3523551296875 0.5039160109374999 0.35138079843750003 0.5017827578125 0.33579151406249996 0.49121627968750003 0.3364081296875
8 0.132072365625 0.35164089375 0.12291737031250001 0.353087096875 0.1230106234375 0.353098325 0.123640128125 0.366886265625 0.1325542125 0.367067040625 0.132072365625 0.35164089375