36 0.47377199843750006 0.1331877078125 0.40283320156249997 0.1406364046875 0.41530123906250005 0.321696575 0.4772114515625 0.31081003749999997 0.47377199843750006 0.1331877078125
36 0.5339489140625 0.7543618640624999 0.5227706859375 0.5956477359375 0.5228114515625 0.5968527953125 0.4617202921875 0.6116910171875001 0.478917609375 0.7709781984374999 0.5339489140625 0.7543618640624999
26 0.4590343203125 0.2844080828125 0.42159301875 0.2884284953125 0.42448804687499997 0.317640825 0.4608826453125 0.309924353125 0.4590343203125 0.2844080828125
19 0.45765615156250006 0.2609792140625 0.4199387234375 0.2625232140625 0.4220065984375 0.28879594062499997 0.45812547812500004 0.28420280781249996 0.45765615156250006 0.2609792140625
16 0.4581729640625 0.2318079765625 0.4182844171875 0.234229525 0.4200765796875 0.2610534203125 0.45922834375 0.256644009375 0.4581729640625 0.2318079765625
0 0.43671875 0.22578125 0.009375 0.0109375
2 0.434375 0.20703125 0.0390625 0.01875
2 0.4328125 0.15 0.0390625 0.01875
9 0.43515625 0.1796875 0.0375 0.025
7 0.5041693390625 0.605924265625 0.4714156546875 0.6156245296875 0.47170680468750004 0.6352190609374999 0.5060617734374999 0.6278468687500001 0.5041693390625 0.605924265625
7 0.506441365625 0.6282449078125001 0.47097894531250006 0.638129140625 0.47447266250000003 0.6569476625 0.5080997765624999 0.651903528125 0.506441365625 0.6282449078125001
7 0.5088061984375 0.6522570484375 0.4743270921875 0.660633765625 0.477529675 0.680228296875 0.5110112140624999 0.67576616875 0.5088061984375 0.6522570484375
0 0.49296875 0.684375 0.009375 0.0078125
24 0.510090553125 0.6872705031249999 0.47759642343750003 0.6961690703125 0.482182025 0.71802466875 0.5138148921875 0.7069414968750001 0.510090553125 0.6872705031249999
19 0.5135869921875 0.7170549875 0.479694921875 0.7163673671875 0.48171569375 0.7387408625 0.5150584421875 0.732111684375 0.5135869921875 0.7170549875
10 0.516209321875 0.7382926203125 0.48171569375 0.7421590390625 0.483969634375 0.7631859875 0.51700149375 0.751274171875 0.516209321875 0.7382926203125
23 0.74296875 0.40546875 0.0171875 0.0125
13 0.74375 0.39375 0.01875 0.0125
28 0.74296875 0.38125 0.01875 0.0109375
6 0.7708806984375001 0.6904539140625 0.7554337296875 0.6909800578125 0.7556642 0.701269596875 0.772315675 0.6971998546875 0.7708806984375001 0.6904539140625
8 0.76944069375 0.67922186875 0.75387805625 0.682456640625 0.7552608796875 0.6915175796875 0.770702384375 0.6879853484375 0.76944069375 0.67922186875
3 0.7691526921875 0.6701018328125 0.752495234375 0.672858196875 0.753820440625 0.6826870046875 0.7702414421875 0.6778493875 0.7691526921875 0.6701018328125
1 0.7667766828125 0.66021379375 0.7509971796875 0.66418120625 0.7532442640625 0.6721671125 0.76839768125 0.668404521875 0.7667766828125 0.66021379375
0 0.759375 0.659375 0.003125 0.0046875
30 0.76634468125 0.646485740625 0.749844828125 0.6515880468749999 0.7512852671875 0.6581149890625 0.76684200625 0.6555042109375 0.76634468125 0.646485740625
17 0.7645446734375 0.6363097 0.7485206625 0.6403360874999999 0.7497306296875 0.64916665625 0.7660364000000001 0.64594158125 0.7645446734375 0.6363097
36 0.8935130906250001 0.822418353125 0.877517459375 0.8254181421875 0.881514690625 0.8665556593750001 0.8955790468749999 0.8633988265625 0.8935130906250001 0.822418353125
3 0.8875 0.86171875 0.009375 0.00625
2 0.88671875 0.85625 0.009375 0.0046875
2 0.88671875 0.8453125 0.009375 0.0046875
9 0.8875 0.85 0.009375 0.00625
0 0.88671875 0.84140625 0.003125 0.003125
12 0.88671875 0.83828125 0.009375 0.00625
32 0.8859375 0.8328125 0.0078125 0.0046875
22 0.8859375 0.82734375 0.0078125 0.00625