36 0.1520963421875 0.51719553125 0.170093178125 0.5646859281250001 0.2966421640625 0.5405964109375 0.276937884375 0.49598618906249997 0.1520963421875 0.51719553125
22 0.1584673140625 0.5272298125 0.1682246734375 0.55436185 0.18538097343749999 0.549773371875 0.1753589859375 0.5240268984374999 0.1584673140625 0.5272298125
20 0.1767307671875 0.5227701328125 0.1852111125 0.5504106609375 0.2025372875 0.546586921875 0.193194746875 0.521095365625 0.1767307671875 0.5227701328125
15 0.194144759375 0.5211773890625 0.2030468734375 0.5463320109375001 0.2145976578125 0.54442014375 0.21018118593750001 0.5182912984375 0.194144759375 0.5211773890625
0 0.21796875 0.5296875 0.00625 0.00625
4 0.2186314015625 0.5175182078125 0.22729122968749998 0.5416368859375 0.24177752031250002 0.537503303125 0.231473890625 0.5153809765624999 0.2186314015625 0.5175182078125
8 0.23533931875 0.5156050890625 0.24289970468750002 0.5380391359375001 0.257896075 0.5355130578125 0.24932672500000003 0.512854896875 0.23533931875 0.5156050890625
1 0.2503892 0.5127354078125 0.2611605890625 0.535283421875 0.274116653125 0.5322980484375 0.2649352 0.509792984375 0.2503892 0.5127354078125
3 0.2670775296875 0.509792984375 0.27544285 0.533522815625 0.289317053125 0.5297719703125 0.2799315703125 0.5079558359375 0.2670775296875 0.509792984375
22 0.23230706250000002 0.3591563984375 0.224332953125 0.35987729218750003 0.22415302812500001 0.360083790625 0.22846411562500002 0.3723486640625 0.2372068234375 0.37141151093749997 0.23230706250000002 0.3591563984375
28 0.2322109890625 0.3591563984375 0.23864792812500002 0.3712673296875 0.24220265156249998 0.3693930203125 0.23951258593750002 0.35829133125 0.2322109890625 0.3591563984375
36 0.4554956578125 0.45304224375 0.47065970312500005 0.49041046406250005 0.5498066234375 0.47771934531250004 0.5383140656250001 0.443062840625 0.4554956578125 0.45304224375
23 0.462260296875 0.461202453125 0.46980090781249995 0.48179904999999995 0.479202425 0.4795713359375 0.47257188437500003 0.4598931890625 0.462260296875 0.461202453125
21 0.47252944843750005 0.45981055 0.479202425 0.479942621875 0.4903852859375 0.478457478125 0.4816765078125 0.45915061718750005 0.47252944843750005 0.45981055
12 0.48366467343749997 0.4590682015625 0.4911769875 0.478457478125 0.500677475 0.47637828125 0.49384900312499996 0.4574427 0.48366467343749997 0.4590682015625
0 0.49727439218749997 0.46491419375 0.49889613125 0.46917533437500003 0.502755703125 0.46835850468749995 0.5007764375 0.46479416718750005 0.49727439218749997 0.46491419375
5 0.49776929062499997 0.45637718749999995 0.5049328937500001 0.4759327390625 0.5153240453125 0.47444759531249997 0.50829765 0.455512015625 0.49776929062499997 0.45637718749999995
4 0.5086570671875 0.455356459375 0.5160167859375 0.4745218515625 0.5252203796875 0.47259116875 0.5181939921875001 0.454026871875 0.5086570671875 0.455356459375
8 0.519792290625 0.4542429375 0.5271006921875 0.47333374062500005 0.5355125765625 0.4716258203125 0.5293768375 0.4522446984375 0.519792290625 0.4542429375
6 0.533773184375 0.45266544687500004 0.5354136078125 0.471254534375 0.54620060625 0.46991790624999996 0.539372140625 0.45165064218750006 0.533773184375 0.45266544687500004
36 0.732085146875 0.4285449984375 0.67609733125 0.4521637421875 0.6959126953125 0.482302521875 0.75071735625 0.4561822453125 0.732085146875 0.4285449984375
20 0.6837639125 0.4613314703125 0.693081575 0.4772483109375 0.702795728125 0.472860021875 0.692090334375 0.45753820312500004 0.6837639125 0.4613314703125
14 0.71171689375 0.46884362187499995 0.701407990625 0.45300116093750004 0.6938367859375 0.45831331718749996 0.7032913484375001 0.4733062875 0.71171689375 0.46884362187499995
21 0.70231140625 0.4535864453125 0.711915146875 0.4692898875 0.721133678125 0.4649016046875 0.7055712046875 0.4516623609375 0.70231140625 0.4535864453125
0 0.7142097484375001 0.4573511953125 0.7172596890625 0.45941164375000004 0.7200928156249999 0.4571891828125 0.7167445796874999 0.45491840781250004 0.7142097484375001 0.4573511953125
5 0.7144512484375001 0.44883834843750003 0.7241493203125 0.46390488281250003 0.7312965140625 0.4592183875 0.7205435375 0.4452072203125 0.7144512484375001 0.44883834843750003
1 0.7233867187499999 0.44563848437500003 0.7332925796875001 0.459459959375 0.7397958734375 0.45511166562499994 0.730073125 0.4417768984375 0.7233867187499999 0.44563848437500003
9 0.7313561921875 0.4424386203125 0.7417275453125 0.45598132500000005 0.7473293953125 0.45172965937500004 0.73792859375 0.43858815 0.7313561921875 0.4424386203125
36 0.8806007875 0.390331546875 0.8918379390625001 0.41954382343749996 0.9302901734375 0.41004356093750005 0.9196610953125001 0.381660071875 0.8806007875 0.390331546875
22 0.8837749890625 0.3973536953125 0.8905938828125001 0.4128559296875 0.8975406843749999 0.4105314265625 0.8904061343749999 0.3953164640625 0.8837749890625 0.3973536953125