1 0.7859375 0.0171875 0.009375 0.00625
6 0.7859375 0.01171875 0.009375 0.00625
9 0.7859375 0.0046875 0.009375 0.0046875
1 0.79609375 0.11640625 0.0078125 0.00625
3 0.79609375 0.12265625 0.009375 0.00625
1 0.79609375 0.12890625 0.009375 0.00625
0 0.7953125 0.13359375 0.003125 0.003125
34 0.7921875 0.278125 0.0078125 0.00625
0 0.7921875 0.28125 0.003125 0.0015625
4 0.79296875 0.28515625 0.009375 0.0046875
4 0.79296875 0.290625 0.0078125 0.00625
9 0.79296875 0.2953125 0.009375 0.0046875
5 0.7921875 0.30078125 0.0078125 0.00625
1 0.78828125 0.33515625 0.009375 0.0046875
4 0.78828125 0.3390625 0.0078125 0.003125
36 0.71484375 0.425 0.028125 0.075
13 0.7125 0.45390625 0.015625 0.0109375
21 0.7125 0.44375 0.015625 0.0109375
21 0.71171875 0.43359375 0.015625 0.0109375
0 0.7125 0.42578125 0.003125 0.003125
5 0.7125 0.41796875 0.015625 0.0109375
5 0.7125 0.4078125 0.015625 0.0109375
8 0.71171875 0.396875 0.015625 0.009375
36 0.5174963875 0.4029793421875 0.5039277875 0.24420164375 0.44171080625 0.2578741625 0.45991258124999995 0.41003615781249997 0.5174963875 0.4029793421875
22 0.4900880765625 0.25118193125 0.4557034921875 0.258201321875 0.45788979999999996 0.2789946125 0.4930693984375 0.2743591640625 0.4900880765625 0.25118193125
19 0.4926819125 0.27555688906250003 0.4584860625 0.280716353125 0.4610698734375 0.29952302343750004 0.49406317343749995 0.294887575 0.4926819125 0.27555688906250003
34 0.494544678125 0.294764075 0.4606723625 0.30018523125 0.4621630234375 0.3228327109375 0.495553834375 0.3152835484375 0.494544678125 0.294764075
0 0.4796875 0.32265625 0.00625 0.0078125
9 0.49479304687500003 0.3248994890625 0.463057421875 0.3313089515625 0.46663500625000004 0.3473343640625 0.4988332921875 0.3444206484375 0.49479304687500003 0.3248994890625
3 0.49839439375000005 0.3470871 0.46544248125000004 0.349718303125 0.46743002968749997 0.37170357656249997 0.501218346875 0.3637570953125 0.49839439375000005 0.3470871
4 0.49903204375000004 0.3654788375 0.46832442656250006 0.37183600625 0.4707094828125 0.3891858328125 0.5028083859375 0.3850801421875 0.49903204375000004 0.3654788375
6 0.5028650328125 0.38881305625 0.47001384375 0.389715590625 0.472995165625 0.4070654171875 0.5039015375 0.40401926093749996 0.5028650328125 0.38881305625
36 0.50679023125 0.7551300109375 0.45545068125 0.76294371875 0.45985401562500006 0.8839792 0.512877646875 0.879577903125 0.50679023125 0.7551300109375
1 0.48515625 0.871875 0.028125 0.015625
7 0.484375 0.85546875 0.0296875 0.015625
7 0.48359375 0.840625 0.0296875 0.015625
3 0.48359375 0.825 0.028125 0.0171875
0 0.4828125 0.81328125 0.00625 0.00625
29 0.4965486078125 0.7912176718749999 0.46664215000000003 0.795317003125 0.46851901093750004 0.8126475546874999 0.4965379125 0.8087169187500001 0.4965486078125 0.7912176718749999
12 0.4970511875 0.774464996875 0.466105890625 0.77977309375 0.46771464218750003 0.794423675 0.49734228125 0.7897783734375 0.4970511875 0.774464996875
12 0.49520839375000003 0.7581590609375 0.4643630984375 0.7624425421875001 0.465703715625 0.778701103125 0.49613572812499995 0.7742344640625001 0.49520839375000003 0.7581590609375