36 0.22421875 0.46875 0.1609375 0.04375
36 0.7015625 0.40703125 0.13125 0.0453125
10 0.97734375 0.4328125 0.0140625 0.025
10 0.98984375 0.43046875 0.015625 0.025
7 0.7515625 0.40390625 0.01875 0.028125
3 0.7359375 0.40546875 0.0171875 0.03125
4 0.7203125 0.4046875 0.01875 0.028125
4 0.70390625 0.40703125 0.0171875 0.028125
0 0.69296875 0.40859375 0.00625 0.00625
26 0.68125 0.409375 0.0171875 0.0265625
21 0.66484375 0.41015625 0.01875 0.028125
23 0.64765625 0.4109375 0.01875 0.028125
3 0.27322951562500003 0.4491831421875 0.2775459265625 0.4790817203125 0.2964912890625 0.4788945921875 0.2912563875 0.446896496875 0.27322951562500003 0.4491831421875
6 0.256867534375 0.4485987859375 0.259348421875 0.480017340625 0.276050253125 0.47983020468750004 0.27206173749999996 0.4495162203125 0.256867534375 0.4485987859375
1 0.23271413281250003 0.45239710312500003 0.240901609375 0.48226281093749995 0.2558584796875 0.47983020468750004 0.2511221515625 0.4519488265625 0.23271413281250003 0.45239710312500003
2 0.22046057187499998 0.457375403125 0.22594478437499999 0.48319843125000006 0.233672459375 0.48170143593750003 0.22619404843750002 0.45363293125000004 0.22046057187499998 0.457375403125
0 0.2125 0.46875 0.0109375 0.0078125
33 0.19921875 0.4703125 0.0203125 0.03125
20 0.18125 0.471875 0.0203125 0.028125
23 0.159375 0.4734375 0.025 0.0296875