36 0.4265482890625 0.4499066765625 0.41236446562499995 0.5147712890625 0.58329589375 0.5377887343750001 0.5943868703125 0.4706953171875 0.4265482890625 0.4499066765625
36 0.030372734374999998 0.479802403125 0.02351301875 0.5450448578125 0.19073210937500001 0.5673983218750001 0.19989479062499999 0.49708994375 0.030372734374999998 0.479802403125
10 0.0319637625 0.4974031515625 0.026821771875 0.5310977953125 0.0464197359375 0.5341546875 0.0489649375 0.4980452203125 0.0319637625 0.4974031515625
13 0.050260587499999995 0.49799978749999996 0.0471833109375 0.53530101875 0.0665267484375 0.5354920875 0.07161715156250001 0.5011021046875 0.050260587499999995 0.49799978749999996
28 0.0937603171875 0.5041589875 0.072380703125 0.4999557765625 0.0709439546875 0.500982965625 0.0672903234375 0.53759368125 0.0863792625 0.5381668515625 0.0937603171875 0.5041589875
0 0.09983725624999999 0.5181260296875 0.09223319218750001 0.5160044203124999 0.0912295640625 0.5161971734375 0.090451565625 0.5255571890625 0.0992176625 0.52657529375 0.09983725624999999 0.5181260296875
9 0.102857484375 0.5064556171875 0.0983915421875 0.5397530500000001 0.11470743125 0.5415359234375 0.1246209046875 0.5091341515625001 0.102857484375 0.5064556171875
3 0.1259348984375 0.508876325 0.11863150781250001 0.5431637640625 0.1438282046875 0.545411734375 0.14723595312499999 0.509754278125 0.1259348984375 0.508876325
2 0.153692346875 0.5105708203125 0.1489568859375 0.5455464578125 0.15835401093749998 0.5468642296875 0.1633107421875 0.51058665 0.153692346875 0.5105708203125
2 0.1777380421875 0.5129915281249999 0.171881746875 0.54918971875 0.181382140625 0.5494997828125 0.18716498125 0.5128346234375 0.1777380421875 0.5129915281249999
25 0.56365265625 0.4828631828125 0.555642884375 0.5214219765625 0.5827822609375 0.5250038953125 0.587554015625 0.4849310296875 0.56365265625 0.4828631828125
13 0.5361542234375001 0.4821640703125 0.52969644375 0.5194071250000001 0.5544499453125 0.5227651890625 0.56101109375 0.4838116828125 0.5361542234375001 0.4821640703125
14 0.5114522390625 0.47866850625 0.50404821875 0.5162729374999999 0.530292928125 0.5198548781250001 0.5368540765625001 0.48269232500000003 0.5114522390625 0.47866850625
0 0.5015625 0.496875 0.009375 0.009375
7 0.48671875 0.49453125 0.021875 0.0390625
3 0.44910895625 0.47426970781250005 0.44153344375000003 0.5113778140624999 0.4665165796875 0.5131926890625 0.4733667953125 0.4773490296875 0.44910895625 0.47426970781250005
1 0.4273833625 0.4711997859375 0.41876655625000003 0.507294359375 0.4381083453125 0.510772859375 0.4491895765625 0.474324246875 0.4273833625 0.4711997859375
21 0.8291362 0.32933382031249997 0.8258694828124999 0.3474310671875 0.8388589609375 0.3482111125 0.8393785359375 0.329359990625 0.8291362 0.32933382031249997
23 0.273367853125 0.2835733921875 0.2705526421875 0.29831581875 0.278596115625 0.29831581875 0.2814113265625 0.283422446875 0.273367853125 0.2835733921875
20 0.28223798125 0.28348556875 0.27960154843749996 0.29896991562499997 0.287779075 0.2987183375 0.2901250921875 0.284076546875 0.28223798125 0.28348556875
32 0.29106350000000003 0.284328125 0.28858342812500004 0.2997246484375 0.2977663953125 0.2996240171875 0.2993750890625 0.284328125 0.29106350000000003 0.284328125
23 0.46942652812499996 0.1975267765625 0.46851509843750005 0.2057946578125 0.4730264046875 0.2061025171875 0.47384664218749994 0.1978673484375 0.46942652812499996 0.1975267765625
19 0.4738328890625 0.1980074703125 0.4731289328125 0.206025553125 0.47769150937499993 0.205756178125 0.47866554062500005 0.1979443078125 0.4738328890625 0.1980074703125
29 0.4787199453125 0.1977671234375 0.478101628125 0.206371890625 0.4837407734375 0.20583314062500002 0.4842021484375 0.1980982390625 0.4787199453125 0.1977671234375
0 0.4839274640625 0.20107189375 0.48368950312500003 0.2029085 0.4847148 0.20313939374999998 0.485432509375 0.2012537703125 0.4839274640625 0.20107189375
2 0.48721220625 0.1982478171875 0.48599642187500003 0.206949121875 0.4896874953125 0.206525821875 0.4892773765625 0.1980982390625 0.48721220625 0.1982478171875
3 0.4908265796875 0.198480090625 0.489755175 0.20665689999999998 0.4954137453125 0.2066097015625 0.495853853125 0.19839764843750002 0.4908265796875 0.198480090625