36 0.44140625 0.51796875 0.084375 0.2625
36 0.86796875 0.63828125 0.0296875 0.0671875
36 0.871875 0.77421875 0.021875 0.0671875
4 0.8671875 0.63203125 0.015625 0.009375
4 0.8671875 0.62265625 0.015625 0.009375
4 0.8671875 0.61328125 0.0140625 0.0109375
1 0.44140625 0.6203125 0.05625 0.03125
5 0.440625 0.58984375 0.046875 0.03125
9 0.43828125 0.5578125 0.040625 0.028125
7 0.4375 0.52265625 0.04375 0.03125
0 0.43515625 0.50078125 0.0171875 0.015625
28 0.43515625 0.478125 0.046875 0.034375
13 0.43671875 0.44453125 0.046875 0.0328125
10 0.4375 0.415625 0.04375 0.028125