36 0.35234375 0.25625 0.08125 0.21875
8 0.3546875 0.34375 0.046875 0.025
2 0.35234375 0.3171875 0.0421875 0.0140625
3 0.35078125 0.290625 0.04375 0.028125
3 0.35 0.26171875 0.04375 0.0296875
0 0.34921875 0.2421875 0.0125 0.0125
14 0.346875 0.2234375 0.0421875 0.03125
25 0.34609375 0.19453125 0.04375 0.0265625
22 0.34375 0.16640625 0.046875 0.03125
36 0.40625 0.78125 0.0625 0.1640625
5 0.4046875 0.846875 0.0375 0.0234375
4 0.40234375 0.825 0.034375 0.021875
3 0.40078125 0.8015625 0.034375 0.025
0 0.40078125 0.78515625 0.0125 0.009375
14 0.4 0.76796875 0.0359375 0.028125
8 0.3984375 0.74375 0.0359375 0.0234375
20 0.39765625 0.71875 0.0359375 0.025
36 0.63671875 0.70390625 0.028125 0.0734375
36 0.7375 0.73359375 0.0140625 0.034375
4 0.6359375 0.73203125 0.015625 0.009375
7 0.6359375 0.72265625 0.0140625 0.00625
1 0.64266025625 0.70897184375 0.6284044609375 0.71137684375 0.6290892312499999 0.71966995 0.6429715171875 0.717430815625 0.64266025625 0.70897184375
8 0.6429415125 0.700161340625 0.6283422062499999 0.7030837375 0.629026984375 0.7104646046875 0.6430337703125 0.7081425375 0.6429415125 0.700161340625
0 0.637400990625 0.697958090625 0.6336336593749999 0.6982737453125 0.63388266875 0.70109339375 0.637742315625 0.70109339375 0.637400990625 0.697958090625
11 0.6429415125 0.6877194656250001 0.6274706734375 0.6899806390625 0.628093196875 0.6987713265625 0.6436562953125 0.696780975 0.6429415125 0.6877194656250001
25 0.6424555015625 0.6790360734374999 0.62803094375 0.6815216625 0.6286534703125 0.690146496875 0.6427225078125 0.6874927046875 0.6424555015625 0.6790360734374999
25 0.642261096875 0.6699638718750001 0.6277196828125 0.671818728125 0.6279686921875001 0.67986304375 0.64253575 0.678702009375 0.642261096875 0.6699638718750001
2 0.7375 0.74765625 0.0078125 0.003125
2 0.7375 0.7390625 0.0078125 0.003125
6 0.7375 0.74375 0.00625 0.003125
7 0.7375 0.73359375 0.00625 0.003125
0 0.7375 0.73125 0.003125 0.003125
33 0.7375 0.728125 0.00625 0.0046875
12 0.7375 0.72421875 0.0078125 0.0046875
23 0.7375 0.71953125 0.00625 0.0046875
20 0.72890625 0.33671875 0.00625 0.00625
19 0.728125 0.34296875 0.00625 0.00625
0 0.728125 0.346875 0.003125 0.003125
7 0.728125 0.35078125 0.0078125 0.00625
6 0.728125 0.35703125 0.00625 0.0046875