36 0.4734375 0.41484375 0.084375 0.228125
36 0.47295717187499997 0.680395390625 0.44225564687499996 0.8937554765625 0.516218409375 0.9111219953124999 0.539011965625 0.7021035390625 0.5436637109375 0.7008630734375 0.47295717187499997 0.680395390625
8 0.459375 0.32734375 0.0484375 0.034375
4 0.46015625 0.359375 0.0484375 0.034375
7 0.4625 0.3921875 0.0484375 0.034375
0 0.4640625 0.41640625 0.0109375 0.0125
20 0.46484375 0.43828125 0.046875 0.03125
29 0.4703125 0.46953125 0.04375 0.034375
10 0.46953125 0.5046875 0.0453125 0.028125
23 0.522206971875 0.697407075 0.4809189421875 0.6841595796875 0.478490234375 0.716247959375 0.51867430625 0.7200750125 0.522206971875 0.697407075
12 0.51801193125 0.7233132906249999 0.47782785937499994 0.713598459375 0.47561994375000005 0.7380327296875 0.5147000578125 0.748925115625 0.51801193125 0.7233132906249999
30 0.515804015625 0.750397059375 0.47385361093749995 0.7442148953125 0.4709833203125 0.7621726125 0.5135961 0.77777521875 0.515804015625 0.750397059375
0 0.49140625 0.77890625 0.009375 0.0125
4 0.5120505578125 0.7874900499999999 0.4709833203125 0.7792471625 0.4678922375 0.80603654375 0.5091802671875 0.815162596875 0.5120505578125 0.7874900499999999
8 0.510284225 0.8178120953124999 0.4689961953125 0.8078028765624999 0.463697196875 0.83429786875 0.5067515593749999 0.8457790328125 0.510284225 0.8178120953124999
1 0.5060891843750001 0.8451902546875001 0.46435957187500004 0.8351810359374999 0.4597229484375 0.86550308125 0.5027773109375 0.874334746875 0.5060891843750001 0.8451902546875001
3 0.50321889375 0.8749235234375 0.45883978125 0.8628535828125001 0.456631865625 0.8931756296875 0.500348603125 0.9031848484375 0.50321889375 0.8749235234375