36 0.2078125 0.4921875 0.1875 0.0734375
36 0.053125 0.27734375 0.09375 0.0421875
36 0.75546875 0.56796875 0.153125 0.0609375
6 0.9859375 0.5625 0.021875 0.034375
36 0.640625 0.26015625 0.06875 0.0296875
14 0.66875 0.26328125 0.0125 0.0171875
16 0.6578125 0.26328125 0.009375 0.0125
20 0.64765625 0.2625 0.0109375 0.0140625
0 0.6390625 0.26171875 0.003125 0.003125
5 0.6328125 0.26171875 0.0109375 0.015625
5 0.621875 0.26171875 0.0109375 0.015625
6 0.6109375 0.26171875 0.009375 0.015625
7 0.39296875 0.2875 0.0109375 0.01875
1 0.38203125 0.28671875 0.009375 0.01875
5 0.37109375 0.28671875 0.0109375 0.01875
9 0.35859375 0.2859375 0.009375 0.0171875
0 0.35234375 0.2859375 0.0046875 0.003125
13 0.34375 0.2859375 0.0125 0.01875
14 0.090625 0.28203125 0.0125 0.0203125
25 0.0765625 0.28125 0.0140625 0.0203125
17 0.06171875 0.28046875 0.0140625 0.021875
0 0.0515625 0.2796875 0.00625 0.00625
4 0.0421875 0.27890625 0.0125 0.01875
6 0.02734375 0.2796875 0.0140625 0.01875
1 0.0125 0.278125 0.0140625 0.01875
22 0.12734375 0.49453125 0.0234375 0.0375
17 0.15390625 0.49453125 0.025 0.0359375
25 0.17734375 0.49609375 0.025 0.0359375
0 0.19453125 0.4953125 0.009375 0.00625
7 0.21171875 0.49453125 0.021875 0.0390625
6 0.2359375 0.49453125 0.021875 0.0390625
2 0.26015625 0.4953125 0.009375 0.040625
3 0.28359375 0.4953125 0.01875 0.040625
32 0.8039488625000001 0.5491326812499999 0.80523230625 0.58755449375 0.8266208703125001 0.5850822078125 0.8190114765625 0.549697590625 0.8039488625000001 0.5491326812499999
23 0.7811824875 0.5523161140624999 0.7852833578125 0.5880180578124999 0.8064662890625 0.5863183515625 0.8007078 0.5515518140625 0.7811824875 0.5523161140624999
12 0.761503078125 0.5534737265625 0.7655400640625001 0.5890996765625001 0.78487206875 0.5889451609374999 0.7807588515624999 0.5523244046875 0.761503078125 0.5534737265625
0 0.7578125 0.5734375 0.009375 0.009375
7 0.7314051578125 0.5560783546875 0.7353081703125001 0.590799375 0.7523778859375 0.5914174453125 0.75176089375 0.5547966859375 0.7314051578125 0.5560783546875
7 0.7097963953125 0.5575253703125 0.71659318125 0.5943532859375 0.734279865625 0.593271659375 0.72831574375 0.55680541875 0.7097963953125 0.5575253703125
3 0.68664415 0.5615770125 0.69047444375 0.5979071984375001 0.7155648765625 0.5941987796875 0.7073385156249999 0.55680541875 0.68664415 0.5615770125