36 0.88359375 0.44453125 0.159375 0.08125
36 0.7518042625 0.487073784375 0.591821634375 0.533281675 0.61362815 0.5929095703125 0.7736070625 0.5533970125 0.7518042625 0.487073784375
36 0.3668250609375 0.6008915531250001 0.1366894171875 0.6556063812499999 0.16715925625 0.7310824953124999 0.3951358796875 0.6752065765624999 0.3668250609375 0.6008915531250001
2 0.15840438125 0.6769845890624999 0.1780334828125 0.7226594000000001 0.197662565625 0.7162422875 0.1780334828125 0.6686801078125 0.15840438125 0.6769845890624999
2 0.1959446859375 0.666667978125 0.21326516875 0.7132224515625001 0.23339759531249998 0.707182803125 0.21477510937500002 0.65886564375 0.1959446859375 0.666667978125
7 0.22368517031250001 0.6586005921875 0.251013428125 0.7049179453125001 0.2656094484375 0.7003882015625 0.260073009375 0.6490512328125 0.22368517031250001 0.6586005921875
0 0.2655789609375 0.667941775 0.2696359140625 0.679249446875 0.284735190625 0.6762296609375 0.27869549375 0.6637728765625 0.2655789609375 0.667941775
17 0.27293868125 0.6471364125 0.2892649796875 0.6935936015624999 0.3255033 0.684156678125 0.30688084843749996 0.6373494125 0.27293868125 0.6471364125
28 0.3063404875 0.6373706296874999 0.32701324062500003 0.68491163125 0.3536886890625 0.67509719375 0.3385894125 0.6286674421875 0.3063404875 0.6373706296874999
16 0.34257295625 0.6284540468750001 0.355198596875 0.6754746828125 0.3874104515625 0.6671701765625 0.368284640625 0.6226277812500001 0.34257295625 0.6284540468750001
6 0.603559953125 0.5520261843750001 0.6174479296875 0.5910736812499999 0.6400968781249999 0.5835241265625 0.6249975671875 0.54502139375 0.603559953125 0.5520261843750001
5 0.6279036421875 0.5456571953125 0.6421100765625 0.5835241265625 0.6657656421875 0.5774845046875 0.650666365625 0.53898173125 0.6279036421875 0.5456571953125
5 0.6494166703124999 0.5384390078125 0.6672755828125 0.5763520359375 0.6879113 0.569179959375 0.6723086640625 0.5318096671875 0.6494166703124999 0.5384390078125
0 0.6825543093750001 0.5481916375 0.6852111578125 0.5555493015625 0.6938112953125 0.55286179375 0.6907057 0.5456951171875 0.6825543093750001 0.5481916375
23 0.686584965625 0.53045675 0.700739153125 0.5666576484375 0.7231950234375 0.5600284703125 0.7095781750000001 0.5250909187499999 0.686584965625 0.53045675
32 0.712381165625 0.524410765625 0.7258228531250001 0.5605659765625 0.7461286921875 0.5544742968749999 0.7310784781249999 0.518461734375 0.712381165625 0.524410765625
13 0.733340578125 0.5181632484375001 0.7463675921874999 0.55339929375 0.76667343125 0.5465909546875001 0.7542510140625 0.512011721875 0.733340578125 0.5181632484375001
23 0.8150285437499999 0.439766984375 0.8215014203125 0.47198147968750004 0.841329478125 0.4669648046875 0.8336849203125001 0.4352522515625 0.8150285437499999 0.439766984375
21 0.834644403125 0.4359378609375 0.843001725 0.4675023109375 0.8599630859375 0.4642773046875 0.8499295984374999 0.43435641406250003 0.834644403125 0.4359378609375
10 0.8550663953125 0.43372099999999997 0.8621131 0.465710634375 0.8797911421875 0.460693959375 0.868563190625 0.43059390937500003 0.8550663953125 0.43372099999999997
0 0.8730699921875 0.44218537812500003 0.876446646875 0.44994394375 0.8819411734375 0.4477939359375 0.880268909375 0.44116476406249994 0.8730699921875 0.44218537812500003
5 0.878357778125 0.42898140625 0.886241234375 0.45908145625 0.9020081125000001 0.45711062187499996 0.8953191546875001 0.42521889531249996 0.878357778125 0.42898140625
8 0.8967165093749999 0.42545815625000005 0.9036804093749999 0.45693145468749996 0.9213583875 0.45370645468750004 0.9125193656249999 0.42306889375 0.8967165093749999 0.42545815625000005
8 0.9292304687499999 0.42142749999999995 0.9390364296874999 0.4508397765625 0.95360884375 0.447973103125 0.945247621875 0.41751471718750005 0.9292304687499999 0.42142749999999995
1 0.91310784375 0.4230397609375 0.9213583875 0.4535272828125 0.9373641656249999 0.44958560625 0.928286278125 0.42145639687500003 0.91310784375 0.4230397609375