36 0.1590831828125 0.49731711562500003 0.1721612078125 0.5637546546875 0.3522754703125 0.5466622984375 0.3416805140625 0.480280396875 0.1590831828125 0.49731711562500003
4 0.1661167734375 0.5191888265625 0.175993625 0.558321371875 0.201355684375 0.553160584375 0.19275837812500002 0.5142933765625 0.1661167734375 0.5191888265625
1 0.194331365625 0.5147551046875 0.202430346875 0.553160584375 0.225858009375 0.5507414625 0.22134442656250003 0.51251934375 0.194331365625 0.5147551046875
3 0.22177428593749998 0.5130031671874999 0.22736253125 0.5510640078125 0.254873915625 0.5478385125 0.24842593750000003 0.510584046875 0.22177428593749998 0.5130031671874999
0 0.25625 0.52890625 0.0125 0.009375
22 0.260434128125 0.5095152515625 0.2681997328125 0.5462257640625 0.2935617921875 0.54380664375 0.2868988828125 0.507842375 0.260434128125 0.5095152515625
32 0.32085823125 0.542677725 0.31118626250000003 0.503971778125 0.28990792656250003 0.5062296265625 0.2888332640625 0.5065521765625001 0.28891743281250004 0.5066937921875 0.2963559234375 0.54380664375 0.32085823125 0.542677725
34 0.3125639484375 0.5032677343749999 0.322147840625 0.5446130171875 0.3475098984375 0.5397747749999999 0.337622984375 0.5007462828125 0.3125639484375 0.5032677343749999
36 0.5853635953125 0.4887612671875 0.5940408828125 0.5536876375 0.7473379640625 0.53524688125 0.7371181640625 0.47773361875000003 0.5853635953125 0.4887612671875
1 0.603125 0.5265625 0.0265625 0.034375
2 0.6170194734375001 0.50853133125 0.62365308125 0.542756875 0.6359285859375 0.5415506765625 0.6275987749999999 0.5066807453125 0.6170194734375001 0.50853133125
5 0.637682225 0.5077772828125 0.6441122515625 0.5411120671874999 0.665448253125 0.5384803734375 0.657264575 0.5032814765625 0.637682225 0.5077772828125
0 0.6671875 0.52109375 0.0125 0.009375
20 0.6700029062499999 0.5025021828125 0.6750932765625001 0.5382610609375 0.6993520156249999 0.533984565625 0.6899992390625 0.50064978125 0.6700029062499999 0.5025021828125
10 0.6955811140625 0.5000357125 0.6983379078125 0.5340947125 0.72186595 0.5317919828125001 0.711636365625 0.4981282375 0.6955811140625 0.5000357125
34 0.71439936875 0.49852842500000005 0.722304365625 0.5314630171875 0.743640365625 0.5297085578125 0.73487215 0.49505792968750006 0.71439936875 0.49852842500000005