36 0.78984375 0.4203125 0.03125 0.06875
36 0.92421875 0.509375 0.015625 0.0390625
36 0.49609375 0.22265625 0.071875 0.203125
36 0.44921875 0.78046875 0.08125 0.2265625
22 0.84296875 0.01015625 0.015625 0.009375
23 0.84296875 0.01953125 0.015625 0.009375
11 0.84296875 0.028125 0.015625 0.0078125
7 0.8421875 0.0390625 0.015625 0.00625
2 0.84296875 0.0484375 0.0140625 0.0046875
0 0.8421875 0.034375 0.003125 0.003125
3 0.48359375 0.140625 0.040625 0.03125
9 0.48515625 0.171875 0.0375 0.028125
9 0.48671875 0.2015625 0.0375 0.0265625
0 0.48671875 0.22109375 0.009375 0.009375
20 0.4875 0.240625 0.040625 0.0296875
11 0.4890625 0.2703125 0.040625 0.03125
11 0.4890625 0.2984375 0.0375 0.028125
22 0.45078125 0.6890625 0.0421875 0.025
10 0.45 0.7171875 0.0390625 0.021875
17 0.4484375 0.74765625 0.0375 0.0296875
0 0.44921875 0.765625 0.0125 0.0125
3 0.44921875 0.7875 0.0390625 0.025
5 0.44921875 0.8140625 0.0375 0.0296875
3 0.4484375 0.84140625 0.04375 0.028125
7 0.4484375 0.871875 0.040625 0.0265625
9 0.78828125 0.44609375 0.0125 0.0078125
9 0.7890625 0.428125 0.0125 0.0078125
5 0.7890625 0.4375 0.0140625 0.009375
7 0.78828125 0.4203125 0.015625 0.009375
0 0.78828125 0.41484375 0.003125 0.003125
24 0.7890625 0.40859375 0.0140625 0.0078125
23 0.7890625 0.40078125 0.015625 0.009375
14 0.7890625 0.3921875 0.015625 0.009375
6 0.9234375 0.52265625 0.0078125 0.003125
3 0.92421875 0.50859375 0.0078125 0.003125
5 0.9234375 0.51328125 0.00625 0.0046875
10 0.92421875 0.49765625 0.00625 0.003125
11 0.92421875 0.50234375 0.00625 0.003125
22 0.925 0.49296875 0.0078125 0.0046875