36 0.51875 0.6140625 0.059375 0.14375
1 0.51171875 0.55546875 0.03125 0.021875
4 0.5109375 0.575 0.028125 0.01875
3 0.5109375 0.59609375 0.0328125 0.01875
0 0.5109375 0.61171875 0.00625 0.00625
14 0.5109375 0.6265625 0.03125 0.01875
28 0.5109375 0.64921875 0.03125 0.01875
22 0.51015625 0.671875 0.03125 0.021875
14 0.5488765546875001 0.43148691406250006 0.5325989046874999 0.28783019374999996 0.47853385312499996 0.298423584375 0.498687134375 0.4472478140625 0.5488765546875001 0.43148691406250006
14 0.523297390625 0.2914474484375 0.4874478046875 0.30204084062500003 0.49112965312499995 0.32064386875 0.5250414250000001 0.3110839796875 0.523297390625 0.2914474484375
24 0.52523520625 0.31211748125 0.492486125 0.32116062031250003 0.495005284375 0.338988521875 0.527366803125 0.33072050937499997 0.52523520625 0.31211748125
34 0.526979240625 0.330978884375 0.49384259531249997 0.3418306515625 0.49849335312500004 0.3596585546875 0.5298859640625 0.35242404375 0.526979240625 0.330978884375
0 0.51484375 0.359375 0.0078125 0.009375
4 0.5299069921874999 0.35738396093749997 0.4996058171875 0.3681451265625 0.5032872671875 0.3860804015625 0.5323140953125 0.37607440625 0.5299069921874999 0.35738396093749997
4 0.5333052546875 0.3766407828125 0.5013049484375001 0.388534703125 0.506260746875 0.4059036015625 0.5350043859375 0.394387265625 0.5333052546875 0.3766407828125
9 0.536278734375 0.3958976046875 0.5047032109375 0.4053372234375 0.507818284375 0.42062940624999995 0.5398185921875001 0.41175616406250004 0.536278734375 0.3958976046875
5 0.5382610546875 0.414965634375 0.5065439359374999 0.42440525312500005 0.5102253875 0.440641396875 0.5408097515625 0.43214574062500005 0.5382610546875 0.414965634375