36 0.1140625 0.58671875 0.184375 0.06875
36 0.54609375 0.5453125 0.1546875 0.05625
24 0.18359375 0.58828125 0.025 0.0375
34 0.1578125 0.58984375 0.028125 0.0375
17 0.1296875 0.590625 0.028125 0.0375
0 0.1109375 0.5921875 0.0078125 0.009375
7 0.08984375 0.59296875 0.025 0.0375
2 0.06484375 0.5953125 0.01875 0.0390625
6 0.03828125 0.59453125 0.025 0.0390625
7 0.5970975421875 0.5300861953125 0.603198878125 0.564240896875 0.6214498500000001 0.56147795 0.6190484078125 0.529884246875 0.5970975421875 0.5300861953125
1 0.5746803640625 0.5326381515625 0.5788642734375 0.5662830765625 0.6020782109375 0.56364025625 0.595834459375 0.5309654046875 0.5746803640625 0.5326381515625
1 0.5519681328125 0.533848475 0.5558104296875 0.568685640625 0.5793445671875 0.5650817953125 0.573741203125 0.5313257828125 0.5519681328125 0.533848475
1 0.5484375 0.55078125 0.009375 0.009375
32 0.53203125 0.553125 0.028125 0.0328125
31 0.4940185546875 0.538642753125 0.4997767890625 0.5721693578125 0.520589284375 0.5709680765625 0.5175474671875 0.53637116875 0.4940185546875 0.538642753125
12 0.4716013765625 0.5407443625 0.474641703125 0.5732505140625 0.49641477343749996 0.573490765625 0.49401333125 0.538173090625 0.4716013765625 0.5407443625