36 0.44453125 0.45546875 0.0671875 0.19375
7 0.44765625 0.021875 0.04375 0.025
36 0.3955388390625 0.8974960031249999 0.372013190625 0.7203453390625 0.308949396875 0.7427384484374999 0.3273726953125 0.915510090625 0.3955388390625 0.8974960031249999
3 0.43125 0.3796875 0.040625 0.03125
9 0.43359375 0.4078125 0.040625 0.03125
3 0.434375 0.43828125 0.0375 0.03125
0 0.43671875 0.45859375 0.0125 0.009375
14 0.4375 0.47578125 0.0421875 0.03125
16 0.43671875 0.503125 0.040625 0.028125
26 0.43828125 0.52890625 0.04375 0.0265625
6 0.7453125 0.7375 0.01875 0.009375
3 0.7453125 0.7265625 0.0171875 0.009375
7 0.74609375 0.71640625 0.01875 0.009375
10 0.8375 0.51953125 0.009375 0.00625
10 0.83828125 0.52578125 0.009375 0.00625
32 0.83828125 0.53203125 0.009375 0.00625
0 0.83828125 0.5359375 0.003125 0.003125
2 0.8375 0.53984375 0.009375 0.00625
6 0.8375 0.54609375 0.009375 0.0046875
8 0.8375 0.5515625 0.009375 0.00625
6 0.35807296875 0.755594296875 0.3535086328125 0.7281310015625 0.3191470171875 0.740023734375 0.324985896875 0.7652332359375 0.35807296875 0.755594296875
4 0.32387373125 0.766345428125 0.3269321765625 0.7934085484375 0.361687496875 0.7808037984375 0.35974121718749996 0.757077228125 0.32387373125 0.766345428125
4 0.36863856093749997 0.8089791109375 0.36363381562499997 0.7852525406249999 0.3258200296875 0.792667096875 0.327210246875 0.8178765984374999 0.36863856093749997 0.8089791109375
0 0.3484375 0.81953125 0.00625 0.0125
11 0.3657075890625 0.81930830625 0.330669034375 0.8296634718749999 0.33410065 0.8566350734375 0.3723901984375 0.8429084390625 0.3657075890625 0.81930830625
11 0.37161226875 0.845976596875 0.331210871875 0.8578391328125001 0.33843531250000003 0.8838474515625 0.3752799765625 0.8706025000000001 0.37161226875 0.845976596875
11 0.3752799765625 0.873973953125 0.33518431249999997 0.8877005546875001 0.34276996249999997 0.9086517109375001 0.3817819703125 0.8982965281249999 0.3752799765625 0.873973953125