36 0.4342432828125 0.48954621875 0.27016418125 0.5292904234375 0.2927732390625 0.5865530624999999 0.4584953109375 0.5447188765625001 0.4342432828125 0.48954621875
36 0.95792654375 0.42433866093750006 0.864099196875 0.4690707734375 0.8846396125 0.5244834109375 0.9878552453125 0.480166475 0.95792654375 0.42433866093750006
0 0.0314795171875 0.7129448734375 0.020332875 0.7176689328125 0.0218869875 0.7287723578125 0.03800245 0.7230169140625 0.0314795171875 0.7129448734375
23 0.023785628125 0.6937154640625 0.0487460671875 0.7408588046875 0.085965075 0.72618240625 0.059489709375 0.68100215625 0.023785628125 0.6937154640625
32 0.0613343078125 0.6810913390625 0.0871161875 0.7256068640625 0.11819597500000001 0.713808196875 0.0909531828125 0.670354584375 0.0613343078125 0.6810913390625
13 0.093703859375 0.6697619968749999 0.11857966093750001 0.7126571125 0.14927576250000002 0.6979807234375001 0.1243351953125 0.65826815625 0.093703859375 0.6697619968749999
23 0.27744518125 0.53825705 0.295406271875 0.5743737828125 0.315274875 0.56798753125 0.30108303125 0.5325083562499999 0.27744518125 0.53825705
21 0.301567421875 0.5329359671875 0.3168517515625 0.5682240671875001 0.3386125515625 0.5613647453125 0.31559023750000004 0.529670015625 0.301567421875 0.5329359671875
10 0.3304128296875 0.524702934375 0.33766644375 0.56231086875 0.36195027031250004 0.5545054406250001 0.339874065625 0.523283765625 0.3304128296875 0.524702934375
0 0.3594272640625 0.5334544640625001 0.35087611875 0.5342662390624999 0.35311977968749997 0.5429155812500001 0.3632117625 0.5410233734375 0.3594272640625 0.5334544640625001
5 0.3537140296875 0.5193672078125 0.3682577546875 0.554268921875 0.38970321406249997 0.5478826703124999 0.37424987656250003 0.5133496015625 0.3537140296875 0.5193672078125
8 0.375826753125 0.514768771875 0.38907244531249996 0.5478826703124999 0.4098871796875 0.5414964109375 0.3950645671875 0.5112208593750001 0.375826753125 0.514768771875
1 0.3962826890625 0.5100553125 0.4102025203125 0.5417329375 0.429440421875 0.5372389109375 0.41524857812500005 0.5053076625 0.3962826890625 0.5100553125
8 0.41792175781249996 0.5052663390625 0.4303864875 0.5372389109375 0.44804746875 0.5313257218749999 0.43480173281249995 0.5015232078125 0.41792175781249996 0.5052663390625
5 0.9542868671875 0.443009675 0.969466359375 0.47255727968750005 0.9782968500000001 0.4659345015625 0.9637896203125 0.43755116562499996 0.9542868671875 0.443009675
5 0.9443541796874999 0.4477986484375 0.959689759375 0.47799742187499994 0.9700971265625 0.4713746453125 0.954013021875 0.441808665625 0.9443541796874999 0.4477986484375
7 0.9326477984375 0.4541839484375 0.9492824359375 0.4839106125 0.956220665625 0.47799742187499994 0.9432903140625 0.44748532812499997 0.9326477984375 0.4541839484375
4 0.922005634375 0.4600371390625 0.9369828296874999 0.49029687187500004 0.9480209437499999 0.48320103124999997 0.9309907078125 0.45339852656249996 0.922005634375 0.4600371390625
0 0.9230803484375001 0.473455653125 0.9267471703125001 0.47913483437500004 0.93029284375 0.47618014375 0.9273381203125 0.47174810312500004 0.9230803484375001 0.473455653125
22 0.9040254296875 0.46614388125 0.919064871875 0.49907900781250003 0.9318686921875001 0.49051039375 0.9153222234375 0.459929340625 0.9040254296875 0.46614388125
11 0.8902881624999999 0.4726247703125 0.9017304656249999 0.505579325 0.9178829859375 0.49760165624999997 0.903503303125 0.46775926874999996 0.8902881624999999 0.4726247703125
23 0.8723410875000001 0.47827477500000004 0.8830171984374999 0.5125228484375 0.9011395296875 0.5049883890625 0.8899115578125001 0.47233904375 0.8723410875000001 0.47827477500000004