36 0.340625 0.5265625 0.14375 0.05
36 0.69921875 0.54375 0.16875 0.0609375
8 0.1890625 0.36796875 0.009375 0.015625
1 0.19921875 0.36796875 0.009375 0.015625
23 0.2796875 0.528125 0.01875 0.03125
21 0.2984375 0.528125 0.0171875 0.03125
13 0.3171875 0.52890625 0.01875 0.03125
0 0.3296875 0.52734375 0.00625 0.00625
5 0.3421875 0.528125 0.01875 0.028125
4 0.36171875 0.52734375 0.01875 0.028125
9 0.3796875 0.52734375 0.01875 0.028125
6 0.39921875 0.52734375 0.0171875 0.028125
10 0.628125 0.546875 0.021875 0.03125
13 0.64921875 0.54609375 0.021875 0.0328125
28 0.671875 0.54609375 0.0234375 0.03125
0 0.68671875 0.5453125 0.009375 0.00625
8 0.70390625 0.5453125 0.021875 0.03125
6 0.7265625 0.54453125 0.0203125 0.03125
7 0.74765625 0.54375 0.0203125 0.03125
5 0.76953125 0.54375 0.021875 0.03125