7 0.73984375 0.175 0.021875 0.0125
7 0.73984375 0.16015625 0.021875 0.015625
5 0.740625 0.1453125 0.0203125 0.015625
0 0.73984375 0.1359375 0.003125 0.00625
36 0.56096665625 0.4332016296875 0.5077809 0.44787193593749997 0.5239479703125001 0.5698068265625 0.575891271875 0.5613719046875 0.56096665625 0.4332016296875
34 0.55513446875 0.5426717375 0.5285047390625001 0.5461741359375 0.5317702609375 0.566456946875 0.5592939234375 0.5619036609375 0.55513446875 0.5426717375
34 0.55455198125 0.5232554687500001 0.526172225 0.5289958359375 0.5288157453125 0.5478298734375 0.5563394078125 0.5418278375 0.55455198125 0.5232554687500001
19 0.5266387390625 0.5285819078125 0.5550954015625 0.5227868109375 0.5536782484375 0.5170422625 0.533014275 0.50664338125 0.5249282281250001 0.5101617984375 0.5266387390625 0.5285819078125
0 0.5396985359375 0.49917929687499996 0.533325271875 0.5012621890625 0.533636278125 0.5078851421875 0.54094480625 0.506022440625 0.5396985359375 0.49917929687499996
3 0.54785336875 0.4778214015625 0.5208852046875 0.4822211875 0.5233732171875001 0.500641296875 0.550430375 0.49546709375000003 0.54785336875 0.4778214015625
4 0.5488753640625 0.4764260921875 0.5452988453125001 0.45966172031249997 0.5455234171875001 0.459181784375 0.5176196734375 0.46462893593750004 0.5208852046875 0.484083890625 0.5488753640625 0.4764260921875
2 0.5431934640625 0.44131881875 0.515909171875 0.44889940937499995 0.517153178125 0.45945475625 0.54716484375 0.4536596609375 0.5431934640625 0.44131881875
3 0.7546875 0.95625 0.0171875 0.009375
3 0.753125 0.978125 0.01875 0.009375
9 0.75390625 0.9671875 0.01875 0.0109375
0 0.753125 0.984375 0.00625 0.0046875
20 0.753125 0.9921875 0.0171875 0.0109375