36 0.38828125 0.53984375 0.225 0.0828125
36 0.7625 0.5359375 0.1953125 0.103125
10 0.47734375 0.54765625 0.034375 0.0484375
29 0.44453125 0.546875 0.028125 0.046875
20 0.4140625 0.54921875 0.03125 0.04375
0 0.39296875 0.55078125 0.009375 0.0125
7 0.37265625 0.55 0.03125 0.046875
4 0.34140625 0.55 0.03125 0.0453125
8 0.31171875 0.55234375 0.034375 0.040625
23 0.6658022203125 0.5031227296874999 0.6611931421875 0.5417761296875 0.682562503125 0.5439759171875 0.688847609375 0.5050082609375 0.6658022203125 0.5031227296874999
12 0.6896856234375 0.505322515625 0.682562503125 0.546489959375 0.7093789546875 0.550575278125 0.7139880328125 0.5090935796875 0.6896856234375 0.505322515625
30 0.7148260468750001 0.5090935796875 0.7144070390625 0.550889534375 0.7290722859375001 0.5530893203125 0.7412234921875 0.5109791109375 0.7148260468750001 0.5090935796875
0 0.74296875 0.5328125 0.009375 0.0125
4 0.750022640625 0.513493153125 0.74583256875 0.554974853125 0.766782921875 0.5562318734375 0.7789341265624999 0.5156929406249999 0.750022640625 0.513493153125
8 0.8074266078125 0.5172642171875 0.779353134375 0.514750175 0.7780961125 0.514750175 0.77097299375 0.55591761875 0.798627459375 0.560945703125 0.8074266078125 0.5172642171875
1 0.8095216421875 0.5194640046875 0.7998844796875 0.55780315 0.8287959671875 0.5615742140625 0.834662065625 0.5207210250000001 0.8095216421875 0.5194640046875
3 0.8388521375 0.5207210250000001 0.8267009328125001 0.562202725 0.85561241875 0.568173575 0.859802490625 0.5222923015625 0.8388521375 0.5207210250000001