36 0.49921875 0.5046875 0.171875 0.078125
8 0.56796875 0.5078125 0.021875 0.040625
7 0.54453125 0.50703125 0.0203125 0.040625
7 0.521875 0.50625 0.0203125 0.040625
5 0.5015625 0.5046875 0.025 0.0375
0 0.484375 0.50390625 0.009375 0.0078125
26 0.46875 0.50390625 0.021875 0.0390625
24 0.44765625 0.5015625 0.0171875 0.0375
22 0.42734375 0.5 0.01875 0.0359375
36 0.8296875 0.3 0.08125 0.03125
6 0.8625 0.30078125 0.009375 0.015625
3 0.85234375 0.30078125 0.009375 0.015625
4 0.8421875 0.3 0.009375 0.015625
27 0.8171875 0.3 0.0109375 0.0171875
8 0.83125 0.3 0.009375 0.015625
12 0.80625 0.3 0.0109375 0.015625
1 0.2953125 0.26875 0.0109375 0.01875
3 0.284375 0.26875 0.009375 0.01875
3 0.27421875 0.26796875 0.009375 0.0171875
6 0.2625 0.26796875 0.009375 0.01875
6 0.04296875 0.28203125 0.009375 0.015625
5 0.02109375 0.2796875 0.009375 0.015625