36 0.20859375 0.5265625 0.146875 0.053125
4 0.26875 0.52421875 0.01875 0.03125
5 0.25078125 0.52578125 0.01875 0.03125
7 0.23125 0.52734375 0.0171875 0.028125
7 0.21171875 0.52734375 0.015625 0.028125
0 0.19921875 0.528125 0.00625 0.009375
14 0.1859375 0.52890625 0.01875 0.0328125
32 0.1671875 0.52890625 0.015625 0.03125
22 0.1484375 0.53046875 0.01875 0.03125
36 0.6190643421875001 0.48232676249999995 0.610190621875 0.5311609828125 0.7391975515625 0.541962309375 0.7511058703125 0.49093541875 0.6190643421875001 0.48232676249999995
14 0.6184119234375001 0.4941789609375 0.6145188078125 0.5207562515624999 0.63041390625 0.522227265625 0.636075146875 0.49574877187500005 0.6184119234375001 0.4941789609375
22 0.6354259421874999 0.49519980312499995 0.6315026125000001 0.522227265625 0.6482686109375 0.5240251984375 0.6524056953125 0.49705635781249996 0.6354259421874999 0.49519980312499995
31 0.6534608015625001 0.49622064374999997 0.6495750640625 0.5243520859374999 0.6632927265624999 0.5248424390624999 0.669607225 0.49967151562499995 0.6534608015625001 0.49622064374999997
0 0.6703125 0.51171875 0.00625 0.00625
7 0.6828125 0.5125 0.015625 0.028125
3 0.69397380625 0.50032128125 0.687033165625 0.5265964078125001 0.708054584375 0.52889165 0.7110166984374999 0.501277040625 0.69397380625 0.50032128125
2 0.7159247953125 0.5022251921875001 0.712067765625 0.530111 0.719807475 0.53003926875 0.7240117640625 0.5022812078125 0.7159247953125 0.5022251921875001
7 0.72861754375 0.5026731718749999 0.7244494359375 0.5307779390625 0.7344823984375 0.530706215625 0.7468086031250001 0.5051716671875 0.72861754375 0.5026731718749999