36 0.48671875 0.49453125 0.06875 0.184375
23 0.484375 0.4171875 0.040625 0.025
21 0.48359375 0.44296875 0.0375 0.021875
12 0.48671875 0.46640625 0.040625 0.021875
0 0.48515625 0.48203125 0.0125 0.00625
1 0.4859375 0.4984375 0.0359375 0.021875
4 0.48671875 0.521875 0.0375 0.0234375
2 0.4875 0.546875 0.0375 0.0125
9 0.48828125 0.5671875 0.034375 0.0203125
7 0.85859375 0.2265625 0.0109375 0.00625
3 0.8578125 0.2203125 0.009375 0.00625
5 0.8578125 0.2140625 0.0109375 0.00625
3 0.8578125 0.20625 0.009375 0.00625
0 0.85703125 0.20234375 0.003125 0.003125
17 0.85703125 0.196875 0.009375 0.0078125
10 0.85703125 0.190625 0.009375 0.00625