36 0.7493522140625 0.5337311953125 0.729644890625 0.596643559375 0.9072743921875001 0.6383892140625 0.9314052328125 0.5725014953125 0.7493522140625 0.5337311953125
9 0.8965785359374999 0.5816863 0.8837300203125 0.6168065703125001 0.90697966875 0.6207088421875 0.92135771875 0.5844408328124999 0.8965785359374999 0.5816863
7 0.8716998765625 0.5754664921875 0.8568094343749999 0.612215684375 0.881282728125 0.6168065703125001 0.896884425 0.5803090375 0.8716998765625 0.5754664921875
7 0.84722251875 0.5697296125 0.8308065593749999 0.6080839078125 0.850079240625 0.612904315625 0.8702697265625 0.574799971875 0.84722251875 0.5697296125
9 0.8235100796875001 0.5631322 0.8075569125 0.6025748234375 0.8259118828125 0.6062475375 0.8470200796875 0.5708977171875 0.8235100796875001 0.5631322
0 0.81171875 0.58359375 0.0078125 0.0109375
12 0.7944432171875 0.5576821625 0.7781889640624999 0.59545895625 0.7986853390624999 0.60027938125 0.8142870578125001 0.5656182015625 0.7944432171875 0.5576821625
12 0.76920094375 0.554526878125 0.756468896875 0.5913271609375 0.7754357140625 0.5966066765625 0.7904256109375 0.560338684375 0.76920094375 0.554526878125
22 0.7485481734375 0.5493636859375 0.7347488531249999 0.58604764375 0.7555511625 0.5910976109375 0.7696233015625 0.5541409875000001 0.7485481734375 0.5493636859375
36 0.5433191203125001 0.599260921875 0.42329001093749996 0.5709056671875 0.417942275 0.6226706515625 0.52611626875 0.6568007421875001 0.5433191203125001 0.599260921875
2 0.52171259375 0.608360928125 0.5129954140625 0.642361090625 0.5229089359375 0.6441113578125 0.5319477499999999 0.6104188171875 0.52171259375 0.608360928125
3 0.49922255625 0.6049182609375 0.49052804375000003 0.6377527109375001 0.5088469250000001 0.6426301609375 0.518498784375 0.6084879640625 0.49922255625 0.6049182609375
1 0.48321551874999996 0.5986385765625 0.473785 0.6337620578125 0.4903310703125 0.6383439078124999 0.49880108593749994 0.6031670984375 0.48321551874999996 0.5986385765625
3 0.46671595625 0.597530396875 0.45684498281249997 0.62903240625 0.4739819890625 0.6337620578125 0.48323990156249996 0.59947205625 0.46671595625 0.597530396875
0 0.45859375 0.6109375 0.00625 0.0078125
19 0.4499701328125 0.5925435890624999 0.4387231046875 0.6214945203125 0.4499507875 0.6274065890625 0.46176940625 0.5950380046875 0.4499701328125 0.5925435890624999
20 0.4312542125 0.5881108703125 0.42946517812499996 0.6195730937499999 0.4393140265625 0.6229725375 0.44443544062499996 0.5913429609375 0.4312542125 0.5881108703125
22 0.4216817875 0.5851453453125 0.41999746718750003 0.615815534375 0.42932490625 0.6185467890624999 0.43103114531250003 0.5867959140625 0.4216817875 0.5851453453125
36 0.21196382656249999 0.47375081406249997 0.19602486875 0.519582078125 0.2721366609375 0.5395416125 0.292717925 0.4917552734375 0.21196382656249999 0.47375081406249997
1 0.2754435671875 0.499605790625 0.265536890625 0.5254991999999999 0.2748323921875 0.5281563015625 0.285455834375 0.5018067328125 0.2754435671875 0.499605790625
1 0.26400671875000004 0.49725385937500005 0.25432326562499996 0.5227313875 0.265536890625 0.5256099109375 0.2743897546875 0.49948176875000005 0.26400671875000004 0.49725385937500005
3 0.2534921984375 0.494625228125 0.2428145375 0.52018500625 0.252995334375 0.5236170921875 0.26317612968750004 0.49682467187499996 0.2534921984375 0.494625228125
8 0.24242427968750002 0.4928266921875 0.232486196875 0.5174171953125 0.24178170781250002 0.52018500625 0.251814946875 0.49549612187500003 0.24242427968750002 0.4928266921875
0 0.23515625 0.50390625 0.003125 0.00625
19 0.231540828125 0.4906131078125 0.21846916093750002 0.5129887 0.22791221875 0.517306475 0.23912584531249997 0.4918426109375 0.231540828125 0.4906131078125
15 0.2180265140625 0.48686055 0.2099113890625 0.5118815750000001 0.2146329234375 0.51343154375 0.229387696875 0.48962836093749995 0.2180265140625 0.48686055
23 0.20940499375 0.4848024515625 0.20032078593749997 0.509224465625 0.20976384375 0.51177085625 0.2177314234375 0.48663912343750004 0.20940499375 0.4848024515625
9 0.7084102078125001 0.327393140625 0.699361890625 0.3265651625 0.699043703125 0.32697316875000004 0.6947273796875 0.3415515453125 0.70763779375 0.3427107109375 0.7084102078125001 0.327393140625