3 0.498520384375 0.2713889859375 0.492631596875 0.286743215625 0.4998335390625 0.2883981625 0.5048308109375 0.272841671875 0.498520384375 0.2713889859375
34 0.7190087046875 0.31031407031249997 0.7133324812499999 0.3310373609375 0.7246849281250001 0.3314247125 0.731909196875 0.31263817656250004 0.7190087046875 0.31031407031249997
10 0.711621109375 0.3109806859375 0.7038229546875 0.3269755953125 0.7145688890625 0.3290983515625 0.719847609375 0.31084266875 0.711621109375 0.3109806859375
36 0.403376840625 0.480556565625 0.3031010578125 0.47087612187500005 0.28918802499999996 0.521956871875 0.3928901296875 0.5379921890625 0.403376840625 0.480556565625
4 0.2996917609375 0.487903928125 0.291831103125 0.51395308125 0.30582691875 0.5166875171875 0.31272899062500004 0.48919918906250004 0.2996917609375 0.487903928125
6 0.313212771875 0.48838971875 0.30736070937500004 0.5156800953125 0.3186724203125 0.5176949515625 0.327683446875 0.491357959375 0.313212771875 0.48838971875
6 0.3288337984375 0.4906383703125 0.32327380625 0.5181267015625 0.3382282640625 0.5187023734375 0.3435965265625 0.4910701265625 0.3288337984375 0.4906383703125
0 0.3393646828125 0.50421290625 0.338840096875 0.5103396078125 0.34574215 0.511203115625 0.3463173171875 0.50472680625 0.3393646828125 0.50421290625
20 0.349900978125 0.4926703953125 0.34342462500000004 0.5210137515625 0.360409759375 0.5237655359375 0.3651753765625 0.495055271875 0.349900978125 0.4926703953125
17 0.3653828484375 0.4944573109375 0.359554396875 0.5240407125 0.3764173328125 0.525141428125 0.382160521875 0.4961559828125 0.3653828484375 0.4944573109375
24 0.38203831250000003 0.4969815171875 0.37543978437500003 0.5264255921875 0.3931580828125 0.524682796875 0.3998788203125 0.49753187499999996 0.38203831250000003 0.4969815171875
36 0.6431173578125 0.5921121406250001 0.6193433546875 0.6646288828125 0.8086938031249999 0.721177753125 0.8344834875 0.636609153125 0.6431173578125 0.5921121406250001
20 0.79355305625 0.6546235046875 0.7759057328125001 0.7002454328125001 0.8092419812499999 0.70731741875 0.8240983453125 0.6605335453125 0.79355305625 0.6546235046875
32 0.764310528125 0.6507415828124999 0.7469176859375 0.69426145625 0.774818690625 0.6991574375 0.7893126968749999 0.656725559375 0.764310528125 0.6507415828124999
16 0.7323955171875001 0.6410329390625 0.7204661156250001 0.6820214953125 0.7501788453125 0.6907254625 0.76032465 0.646933590625 0.7323955171875001 0.6410329390625
0 0.7131422171875 0.652499978125 0.7102041453125 0.6628813078125 0.7217993500000001 0.667777290625 0.729046353125 0.6555373296875 0.7131422171875 0.652499978125
7 0.6905361015625 0.6302725421875001 0.6823594187500001 0.6749729375 0.7032867890625 0.6784638625 0.7209945578125 0.638049659375 0.6905361015625 0.6302725421875001
4 0.66458483125 0.625885178125 0.6520037234375 0.660159590625 0.674056 0.671301425 0.6938464953125 0.631296928125 0.66458483125 0.625885178125
8 0.6399450812499999 0.6213788921875001 0.6261869078125 0.65288678125 0.64766718125 0.6645912078125 0.662495725 0.6253799015625 0.6399450812499999 0.6213788921875001