3 0.7286110140625001 0.498520384375 0.7132567843750001 0.492631596875 0.7116018375000001 0.4998335390625 0.727158328125 0.5048308109375 0.7286110140625001 0.498520384375
34 0.6896859296875 0.7190087046875 0.6689626390625001 0.7133324812499999 0.6685752875000001 0.7246849281250001 0.6873618234375 0.731909196875 0.6896859296875 0.7190087046875
10 0.6890193140624999 0.711621109375 0.6730244046875 0.7038229546875 0.6709016484375 0.7145688890625 0.68915733125 0.719847609375 0.6890193140624999 0.711621109375
36 0.5194434343750001 0.403376840625 0.529123878125 0.3031010578125 0.47804312812500005 0.28918802499999996 0.4620078109375 0.3928901296875 0.5194434343750001 0.403376840625
4 0.5120960718750001 0.2996917609375 0.48604691874999995 0.291831103125 0.48331248281250005 0.30582691875 0.5108008109375 0.31272899062500004 0.5120960718750001 0.2996917609375
6 0.5116102812500001 0.313212771875 0.4843199046875 0.30736070937500004 0.4823050484375 0.3186724203125 0.5086420406250001 0.327683446875 0.5116102812500001 0.313212771875
6 0.5093616296875 0.3288337984375 0.4818732984375 0.32327380625 0.4812976265625 0.3382282640625 0.5089298734375001 0.3435965265625 0.5093616296875 0.3288337984375
0 0.49578709375 0.3393646828125 0.4896603921875 0.338840096875 0.488796884375 0.34574215 0.49527319375 0.3463173171875 0.49578709375 0.3393646828125
20 0.5073296046875 0.349900978125 0.4789862484375 0.34342462500000004 0.4762344640625 0.360409759375 0.504944728125 0.3651753765625 0.5073296046875 0.349900978125
17 0.5055426890625 0.3653828484375 0.4759592875 0.359554396875 0.474858571875 0.3764173328125 0.5038440171875 0.382160521875 0.5055426890625 0.3653828484375
24 0.5030184828125 0.38203831250000003 0.47357440781250004 0.37543978437500003 0.47531720312500003 0.3931580828125 0.502468125 0.3998788203125 0.5030184828125 0.38203831250000003
36 0.407887859375 0.6431173578125 0.3353711171875 0.6193433546875 0.278822246875 0.8086938031249999 0.363390846875 0.8344834875 0.407887859375 0.6431173578125
20 0.3453764953125 0.79355305625 0.29975456718750004 0.7759057328125001 0.29268258125 0.8092419812499999 0.33946645468750003 0.8240983453125 0.3453764953125 0.79355305625
32 0.3492584171875 0.764310528125 0.30573854375 0.7469176859375 0.3008425625 0.774818690625 0.343274440625 0.7893126968749999 0.3492584171875 0.764310528125
16 0.3589670609375 0.7323955171875001 0.3179785046875 0.7204661156250001 0.3092745375 0.7501788453125 0.353066409375 0.76032465 0.3589670609375 0.7323955171875001
0 0.347500021875 0.7131422171875 0.3371186921875 0.7102041453125 0.332222709375 0.7217993500000001 0.3444626703125 0.729046353125 0.347500021875 0.7131422171875
7 0.3697274578125 0.6905361015625 0.3250270625 0.6823594187500001 0.3215361375 0.7032867890625 0.36195034062500003 0.7209945578125 0.3697274578125 0.6905361015625
4 0.374114821875 0.66458483125 0.339840409375 0.6520037234375 0.328698575 0.674056 0.368703071875 0.6938464953125 0.374114821875 0.66458483125
8 0.3786211078125 0.6399450812499999 0.34711321875 0.6261869078125 0.3354087921875 0.64766718125 0.3746200984375 0.662495725 0.3786211078125 0.6399450812499999