36 0.5164140953125 0.4565069390625 0.44685486875 0.46883553125 0.4626653703125 0.6411205 0.52962745625 0.633063990625 0.5164140953125 0.4565069390625
36 0.73359375 0.26328125 0.0375 0.103125
7 0.67578125 0.08984375 0.0203125 0.0125
9 0.67578125 0.078125 0.01875 0.0109375
9 0.6765625 0.065625 0.01875 0.0125
1 0.7435908109375 0.2959974015625 0.7240430124999999 0.29866729375 0.725604825 0.310498646875 0.7445931546875 0.3063357578125 0.7435908109375 0.2959974015625
1 0.74379625 0.2832601453125 0.7239608125 0.2853022375 0.7256870234374999 0.29757179843750003 0.744099953125 0.29527125 0.74379625 0.2832601453125
3 0.743488090625 0.2706598484375 0.722810003125 0.2724849359375 0.7241252140625 0.28639773281249997 0.7440177484375 0.28223485312499996 0.743488090625 0.2706598484375
6 0.742871771875 0.25942915 0.7236320093749999 0.25944853125 0.7245362171874999 0.2724849359375 0.7439355515625 0.2701843953125 0.742871771875 0.25942915
0 0.7328125 0.25625 0.0046875 0.00625
19 0.741125534375 0.241487421875 0.7205286609375 0.24216391874999998 0.722994678125 0.2539952796875 0.742805015625 0.2522424875 0.741125534375 0.241487421875
20 0.7423581718750001 0.227517528125 0.7212684640625 0.22956571406249998 0.7221726734375 0.2420543703125 0.7435448203125 0.240630221875 0.7423581718750001 0.227517528125
22 0.7409200953124999 0.2139585140625 0.72003545625 0.2165293125 0.7213506671875 0.2304421140625 0.7422296125 0.22726517343750002 0.7409200953124999 0.2139585140625
5 0.5109402843749999 0.6104222171875 0.4751165421875 0.617149609375 0.4782104125 0.6364636859374999 0.514848328125 0.6306043625 0.5109402843749999 0.6104222171875
6 0.5097523171875 0.5906192765625 0.47376390781250005 0.5921832546875 0.47630656875 0.6149913421875 0.5119037953125 0.60951740625 0.5097523171875 0.5906192765625
9 0.507361284375 0.5641376421875 0.46965653749999997 0.5706784875 0.4774801046875 0.5881429671875 0.5091655484375 0.586578978125 0.507361284375 0.5641376421875
1 0.5045505359375 0.542792246875 0.468874178125 0.5482614 0.47278596093749997 0.5691145078125001 0.5076986296875 0.56311923125 0.5045505359375 0.542792246875
0 0.49049679218750003 0.535296915625 0.483274396875 0.5364594859375 0.4844479328125 0.5445400625000001 0.49109796406250006 0.5431064125 0.49049679218750003 0.535296915625
22 0.503206265625 0.5100409124999999 0.46606255 0.51534571875 0.46889858437500004 0.5385447953125 0.50498479375 0.5330708578125 0.503206265625 0.5100409124999999
12 0.500273309375 0.48820669062500005 0.464375625 0.4934759625 0.468091821875 0.5140684015625 0.5027111078125001 0.5085944640625 0.500273309375 0.48820669062500005
22 0.49880683281250005 0.464417165625 0.46290870625 0.46832189687500003 0.464473425 0.4908693234375 0.5008530109375 0.4853953765625 0.49880683281250005 0.464417165625