36 0.4703125 0.45234375 0.178125 0.08125
7 0.532655790625 0.44298520156250004 0.5250691484375001 0.48491549999999994 0.5424916890625 0.48610443593749997 0.557199009375 0.4478887375 0.532655790625 0.44298520156250004
7 0.5071940859375 0.4416043796875 0.5044788890625 0.48219794218749995 0.5191862328125 0.483896415625 0.5329884890625001 0.444661640625 0.5071940859375 0.4416043796875
7 0.48597998750000004 0.43980276093750004 0.47913703124999996 0.47982007812500005 0.4952019609375 0.48202809843749994 0.5096830328124999 0.4427933109375 0.48597998750000004 0.43980276093750004
4 0.4605204578125 0.43635511562499996 0.45651036874999995 0.47744220625 0.4773269 0.47948038437499996 0.484567425 0.4412646921875 0.4605204578125 0.43635511562499996
0 0.45546875 0.45625 0.00625 0.0078125
16 0.42904964999999995 0.4344986921875 0.4255118453125 0.4723467859375 0.445875853125 0.4752341953125 0.45334265 0.43667880156249994 0.42904964999999995 0.4344986921875
25 0.40818698124999997 0.4323770640625 0.4026589109375 0.46996892187499995 0.4216653109375 0.47319601875000006 0.4286795859375 0.43430093281250004 0.40818698124999997 0.4323770640625
22 0.3844954734375 0.42813380937499995 0.3782221390625 0.4684403 0.399943725 0.47115785 0.4085418484375 0.432772315625 0.3844954734375 0.42813380937499995
8 0.381701321875 0.1518064765625 0.3790670390625 0.16824339531250002 0.3879626828125 0.1686885609375 0.3910896359375 0.1523791828125 0.381701321875 0.1518064765625
6 0.37209635625000004 0.1511113796875 0.369470525 0.167595871875 0.3790670390625 0.168000571875 0.38160095156249996 0.151569784375 0.37209635625000004 0.1511113796875
5 0.361985865625 0.15035309375 0.3590114 0.1669888234375 0.368554003125 0.16791963125 0.37200443125 0.1505175671875 0.361985865625 0.15035309375
0 0.3577731625 0.15667215 0.3568009703125 0.1602708171875 0.3601974859375 0.16055410781249999 0.3609522671875 0.1572760453125 0.3577731625 0.15667215
26 0.3472414015625 0.14997395 0.3460597453125 0.1661161953125 0.35587191093750004 0.166763715625 0.3574353875 0.149483059375 0.3472414015625 0.14997395
24 0.3383104703125 0.1487101390625 0.335816275 0.16559009062500002 0.34465800625 0.1660757265625 0.347623221875 0.14936164999999998 0.3383104703125 0.1487101390625
22 0.3288740125 0.1483309953125 0.326489325 0.16518539062499998 0.335816275 0.16623760625 0.338565840625 0.14830943125 0.3288740125 0.1483309953125
1 0.0983966046875 0.114947334375 0.0973312890625 0.13162786875000002 0.1079914484375 0.13186745 0.1079276140625 0.11399455624999999 0.0983966046875 0.114947334375
3 0.08901941875 0.1141991546875 0.08877763125 0.131388284375 0.0979057890625 0.1317716171875 0.098607959375 0.114042475 0.08901941875 0.1141991546875
3 0.08014101875 0.1136006109375 0.079138803125 0.1311487 0.08954363125 0.131388284375 0.0892244625 0.113563309375 0.08014101875 0.1136006109375
6 0.070763834375 0.11404951875 0.0698191421875 0.130717453125 0.079138803125 0.1308132859375 0.0797771328125 0.11317997500000002 0.070763834375 0.11404951875
0 0.06637451250000001 0.1192867765625 0.0666274765625 0.1242966265625 0.0704574734375 0.12391329375 0.071031975 0.1193133015625 0.06637451250000001 0.1192867765625
28 0.0570970859375 0.1124035234375 0.0579461484375 0.1319632828125 0.06503164375 0.1312924515625 0.0670104765625 0.1120778921875 0.0570970859375 0.1124035234375