36 0.13203125 0.56171875 0.2234375 0.075
9 0.22265625 0.56015625 0.0375 0.046875
3 0.18984375 0.56328125 0.0328125 0.04375
5 0.15703125 0.565625 0.034375 0.04375
0 0.13515625 0.5671875 0.015625 0.0125
6 0.1125 0.56796875 0.03125 0.04375
26 0.07890625 0.56953125 0.034375 0.04375
12 0.04375 0.57109375 0.0375 0.04375
36 0.8100238140625 0.5085142874999999 0.6477899140625001 0.5213041484375001 0.6514008328124999 0.59649299375 0.816214003125 0.577114421875 0.8100238140625 0.5085142874999999
30 0.79921875 0.55 0.028125 0.040625
15 0.7734375 0.55390625 0.021875 0.040625
21 0.75 0.5546875 0.028125 0.04375
0 0.7328125 0.55625 0.009375 0.009375
5 0.71484375 0.559375 0.0265625 0.040625
6 0.6890625 0.56171875 0.0265625 0.0390625
5 0.6625 0.565625 0.025 0.0375
29 0.253125 0.24765625 0.0140625 0.01875
17 0.23984375 0.24765625 0.015625 0.01875