36 0.47421875 0.328125 0.0625 0.159375
25 0.46953125 0.39296875 0.03125 0.021875
34 0.46953125 0.36953125 0.03125 0.025
22 0.46953125 0.3453125 0.0328125 0.025
0 0.46796875 0.328125 0.0078125 0.0078125
1 0.4671875 0.31171875 0.0328125 0.025
4 0.4671875 0.28828125 0.03125 0.021875
4 0.4671875 0.2640625 0.034375 0.021875
36 0.503325940625 0.6672035203125 0.444506934375 0.678444178125 0.460487946875 0.8213187328125 0.5148677734375 0.8088948671875 0.503325940625 0.6672035203125
22 0.49174482812500003 0.6723345187499999 0.4571233640625 0.6791536984375 0.460199578125 0.6981148140625 0.493140675 0.6924777328125 0.49174482812500003 0.6723345187499999
25 0.4928660265625 0.6934771140625 0.4603277515625 0.6994813875 0.46250673124999997 0.7196382578125 0.4935252015625 0.7117804859375 0.4928660265625 0.6934771140625
12 0.4936668828125 0.71248409375 0.4627630890625 0.718784153125 0.4627630890625 0.736207878125 0.49596053749999996 0.7295458609375001 0.4936668828125 0.71248409375
0 0.47890625 0.7375 0.00625 0.00625
9 0.49762681718749996 0.7560230984375 0.49455060937499995 0.7404784140625 0.49478807968750005 0.7396064124999999 0.46327578281250004 0.742528259375 0.4664801640625 0.7608060890624999 0.49762681718749996 0.7560230984375
1 0.49719064843750005 0.7566913375000001 0.4651984140625 0.7638808703125 0.46750557812500004 0.7799380234375 0.49852404687499996 0.7732760187500001 0.49719064843750005 0.7566913375000001
8 0.49790185468750003 0.7751540625 0.46708450625 0.7815018359375 0.4693217703125 0.797988475 0.49965643281250005 0.7913236593749999 0.49790185468750003 0.7751540625
4 0.49954640625 0.7924766765625 0.4687295515625 0.7992161984374999 0.4709668171875 0.8143874140625 0.5020252968750001 0.8090380343750001 0.49954640625 0.7924766765625
36 0.528125 0.9296875 0.05 0.128125
1 0.528125 0.98203125 0.028125 0.015625
7 0.528125 0.965625 0.028125 0.015625
2 0.5265625 0.95234375 0.0296875 0.0109375
6 0.52734375 0.9359375 0.025 0.0140625
0 0.5265625 0.9234375 0.0078125 0.00625
12 0.5265625 0.9125 0.0265625 0.01875
22 0.5265625 0.8953125 0.028125 0.01875
22 0.5265625 0.87890625 0.028125 0.015625
15 0.6734375 0.64609375 0.015625 0.009375
2 0.43828125 0.0046875 0.034375 0.009375