36 0.48671875 0.5796875 0.13125 0.05
36 0.73671875 0.35078125 0.0640625 0.025
3 0.76484375 0.35234375 0.009375 0.0125
4 0.75390625 0.35234375 0.009375 0.0125
4 0.74453125 0.35234375 0.009375 0.0125
0 0.7375 0.35234375 0.003125 0.003125
29 0.73046875 0.35234375 0.009375 0.0125
9 0.7203125 0.35234375 0.009375 0.0125
24 0.7056684343749999 0.34662305781249997 0.7053586421875 0.35964578125 0.714032909375 0.35972329531249997 0.714755771875 0.346933121875 0.7056684343749999 0.34662305781249997
22 0.97421875 0.565625 0.01875 0.0296875
7 0.540625 0.57734375 0.015625 0.028125
2 0.52421875 0.578125 0.0125 0.028125
2 0.5078125 0.57890625 0.0125 0.028125
6 0.4921875 0.5796875 0.01875 0.028125
0 0.47890625 0.5796875 0.00625 0.0078125
17 0.4671875 0.58046875 0.01875 0.028125
22 0.45078125 0.58125 0.01875 0.0265625
14 0.43359375 0.58125 0.01875 0.028125