36 0.22421875 0.4796875 0.128125 0.046875
26 0.27578125 0.4828125 0.0203125 0.028125
17 0.25625 0.48203125 0.0203125 0.0265625
20 0.2375 0.4828125 0.01875 0.028125
0 0.22421875 0.4828125 0.00625 0.0078125
1 0.21015625 0.48359375 0.01875 0.025
7 0.19140625 0.4828125 0.0171875 0.028125
4 0.171875 0.484375 0.01875 0.028125
7 0.19140625 0.48359375 0.015625 0.028125
36 0.57603985 0.51027040625 0.58411336875 0.5585285875 0.7029559734374999 0.5469550046875 0.6961288515625 0.49933250156250003 0.57603985 0.51027040625
23 0.57906806875 0.521802175 0.5837509546875 0.5484948281250001 0.6000623734375 0.5461635359375 0.596178703125 0.5200197859375 0.57906806875 0.521802175
10 0.5966862093749999 0.520033425 0.6010610328125 0.5463300609374999 0.6152641625 0.544997890625 0.6097160640625 0.5192704421875 0.5966862093749999 0.520033425
31 0.6119460171875 0.519097028125 0.6172614828125 0.5450811546875001 0.631020771875 0.5434992046875 0.6284686421875 0.5170224125 0.6119460171875 0.519097028125
0 0.63203125 0.53046875 0.00625 0.00625
2 0.6371236812500001 0.5167726312500001 0.641229271875 0.5426666 0.647887 0.5421670468750001 0.6434485109375 0.516439590625 0.6371236812500001 0.5167726312500001
3 0.64926318125 0.5162878359375 0.6526583515625 0.54108465625 0.6694136187499999 0.5393361859375 0.6637545499999999 0.5143580812499999 0.64926318125 0.5162878359375
9 0.6646617140625 0.51503930625 0.6696355390625001 0.5397524875 0.6829509781249999 0.537171425 0.6787344203125001 0.511693753125 0.6646617140625 0.51503930625
2 0.6840832875 0.512438203125 0.6882771578125 0.5382538015625 0.69537871875 0.5378375 0.6919389078125 0.5123598312500001 0.6840832875 0.512438203125
36 0.88046875 0.48203125 0.13125 0.040625
7 0.9178828593749999 0.46648441875 0.9253710984374999 0.4914361109375 0.935238778125 0.48921483749999994 0.9324194374999999 0.46478089999999994 0.9178828593749999 0.46648441875
8 0.90378381875 0.4676740265625 0.9102876203125 0.49122455625 0.924384321875 0.4903783640625 0.9177588765625 0.466473296875 0.90378381875 0.4676740265625
8 0.8888035859375 0.468467096875 0.895768025 0.492705403125 0.91099245625 0.4911187828125 0.9035212109374999 0.4676368234375 0.8888035859375 0.468467096875
5 0.8731184031250001 0.4688636328125 0.8799797140625 0.49365737656249997 0.89308965 0.4921765296875 0.8878738640625 0.46700216875 0.8731184031250001 0.4688636328125
0 0.8734375 0.48125 0.00625 0.00625
26 0.8523223156249999 0.47097848906250006 0.857847896875 0.495138221875 0.8749049031249999 0.49355160312499996 0.8667288125000001 0.4691176625 0.8523223156249999 0.47097848906250006
19 0.8398094171875 0.47097848906250006 0.8436035609375001 0.4961931046875 0.8560086515625001 0.4945007046875 0.8520615812500001 0.46974944531249996 0.8398094171875 0.47097848906250006
23 0.8211281859374999 0.4720359171875 0.826405578125 0.4972508515625 0.84275775 0.49566423281249994 0.8366961749999999 0.4709129640625 0.8211281859374999 0.4720359171875