36 0.49453125 0.43359375 0.065625 0.1890625
36 0.49765625 0.921875 0.0609375 0.15625
0 0.3531468 0.0075215484375 0.3448193703125 0.01002873125 0.34643113125 0.0186247875 0.355564440625 0.0168339421875 0.3531468 0.0075215484375
11 0.368995778125 0.0125359140625 0.3303135265625 0.024355490625 0.335417434375 0.052650842187500005 0.37517419375 0.041189434375 0.368995778125 0.0125359140625
11 0.37517419375 0.043696617187499995 0.3340743015625 0.05551619375 0.341058596875 0.0809461921875 0.37920359375 0.0673357703125 0.37517419375 0.043696617187499995
22 0.3789349671875 0.07270830625 0.34052134375 0.083453375 0.34643113125 0.111748725 0.385382009375 0.09778013437500001 0.3789349671875 0.07270830625
7 0.4953125 0.50625 0.040625 0.021875
6 0.49453125 0.48515625 0.0375 0.021875
2 0.4921875 0.46171875 0.0375 0.015625
9 0.4921875 0.4375 0.0375 0.025
0 0.49140625 0.42265625 0.00625 0.0109375
26 0.4890625 0.40546875 0.0375 0.0234375
28 0.4890625 0.38125 0.0375 0.021875
22 0.48984375 0.3578125 0.0375 0.025
7 0.50390625 0.9890625 0.0359375 0.021875
2 0.50234375 0.9703125 0.034375 0.01875
9 0.50078125 0.95078125 0.034375 0.021875
6 0.50078125 0.93125 0.034375 0.01875
0 0.50078125 0.915625 0.00625 0.009375
28 0.49921875 0.90234375 0.034375 0.021875
28 0.49765625 0.88125 0.0375 0.01875
22 0.49765625 0.86015625 0.0359375 0.021875