36 0.5645773703125 0.52651408125 0.40831852343749997 0.564729090625 0.4309647265625 0.6292699828125 0.583826653125 0.5821381421875 0.5645773703125 0.52651408125
36 0.8799258859375 0.399555321875 0.7836795046875 0.4301273296875 0.7972671796874999 0.4806560828125 0.8940797328125001 0.448385615625 0.8799258859375 0.399555321875
1 0.422559815625 0.5843502578125 0.436966734375 0.621367571875 0.45884389687500005 0.6149645875 0.444970565625 0.5767467015625 0.422559815625 0.5843502578125
3 0.448676371875 0.577559125 0.4617786375 0.6153647734375001 0.48392262031250005 0.6067607453125 0.467381334375 0.5697434234375 0.448676371875 0.577559125
7 0.4687827828125 0.5696816140625 0.48792451718749996 0.6049599031249999 0.5009974953125 0.6017584046875 0.4916596484375 0.562740146875 0.4687827828125 0.5696816140625
0 0.4980627359375 0.576546609375 0.5020646703125 0.5859510078125 0.51060210625 0.582549428125 0.5041990203125 0.5737452953125 0.4980627359375 0.576546609375
22 0.5035938796874999 0.5595533859375 0.5143372375 0.59555551875 0.539149140625 0.5881520359375 0.5228746390625 0.55313565625 0.5035938796874999 0.5595533859375
28 0.5231000984375 0.5530263046874999 0.541016725 0.5865513 0.5559572125 0.5811487578125 0.543951446875 0.5457321921875 0.5231000984375 0.5530263046874999
17 0.5459073703125 0.5464992234375 0.5583584015625 0.5827495078125 0.578101159375 0.576146415625 0.5655618234374999 0.5409299437499999 0.5459073703125 0.5464992234375
5 0.7908972765625 0.44544071562500004 0.8024603906250001 0.475688296875 0.8169750453125 0.4694678125 0.804345403125 0.44034460624999994 0.7908972765625 0.44544071562500004
8 0.8058534375 0.44091010781250006 0.8167865375 0.4693264328125 0.831112684375 0.4640955640625 0.8184830546875 0.43525511562499997 0.8058534375 0.44091010781250006
8 0.8216416984375 0.4346271609375 0.8292276718749999 0.463954184375 0.8443078375 0.4590060734375 0.8333747265625 0.4298828765625 0.8216416984375 0.4346271609375
0 0.8388161671875001 0.4438504859375 0.842045796875 0.44854434374999996 0.8467583609375 0.4475547296875 0.8443078375 0.44048599062499993 0.8388161671875001 0.4438504859375
11 0.839240228125 0.42985647499999996 0.8505283859375 0.458299196875 0.8633465234375001 0.4530683375 0.8537329390625 0.4256416359375 0.839240228125 0.42985647499999996
14 0.8540444546874999 0.42399141562500003 0.863796753125 0.45386240000000005 0.8773318796874999 0.44745747343750003 0.868147325 0.41990418749999997 0.8540444546874999 0.42399141562500003
33 0.8691141265625 0.419783340625 0.8813601765625 0.44733662343749997 0.8892556562499999 0.4427444109375 0.881037925 0.41519112812500003 0.8691141265625 0.419783340625