36 0.47166172656249994 0.308355928125 0.4001766421875 0.324425065625 0.4246567 0.5288741078125 0.49483285 0.510024209375 0.47166172656249994 0.308355928125
14 0.45367120312500003 0.3141422765625 0.40973576562499997 0.3213400140625 0.4146416859375 0.35196617343750003 0.45776209375 0.341986859375 0.45367120312500003 0.3141422765625
22 0.4588337703125 0.3446874734375 0.4154162921875 0.350933846875 0.4182565546875 0.377430621875 0.4624098 0.3695159875 0.4588337703125 0.3446874734375
32 0.46270569687499996 0.3692096734375 0.41980580781250004 0.37915119218750004 0.42238786875 0.4039273953125 0.4670575171875 0.39842157500000003 0.46270569687499996 0.3692096734375
5 0.44609375 0.40546875 0.009375 0.009375
5 0.4662549625 0.4079289359375 0.4244535046875 0.4166596328125 0.43013405000000005 0.44487697812500004 0.47093060937500003 0.436274125 0.4662549625 0.4079289359375
2 0.46963957812499996 0.440403484375 0.42858479843749997 0.448662253125 0.43039225312499996 0.4617385984375 0.471705225 0.45451218281249994 0.46963957812499996 0.440403484375
9 0.473030834375 0.46213590312499997 0.433232515625 0.466556175 0.43607277812499995 0.4906441609375 0.47532010468749997 0.4858265859375 0.473030834375 0.46213590312499997
5 0.47690276093749995 0.48751853125 0.43452354531250004 0.4944294375 0.4399458703125 0.5216144296875 0.47919319531250004 0.5126674421875 0.47690276093749995 0.48751853125
36 0.5833288796875 0.9047019765625001 0.563174334375 0.73726188125 0.5629480375 0.7366842953125 0.4940730390625 0.7491222265624999 0.5165833046875 0.9134228156249999 0.5833288796875 0.9047019765625001
3 0.5408822609375 0.7418068640625 0.5027408890625 0.7481794484375001 0.5055704578125 0.7745764937499999 0.545656121875 0.7666154734374999 0.5408822609375 0.7418068640625
9 0.5451845265624999 0.76954848125 0.506513659375 0.7741575 0.5088716390625 0.7961550390625 0.5451845265624999 0.7913365234375 0.5451845265624999 0.76954848125
7 0.5469718765625 0.7931429796875 0.5090288359375 0.8026495484374999 0.5131159984375 0.8183620765624999 0.5497432843750001 0.8173145749999999 0.5469718765625 0.7931429796875
0 0.53046875 0.82578125 0.0125 0.009375
19 0.5172031609375 0.8579576359375001 0.553516053125 0.85230113125 0.551489978125 0.8392407171875 0.5234911140625 0.8328175906249999 0.5137447953125001 0.8359600953124999 0.5172031609375 0.8579576359375001
34 0.5542401265625 0.8552177734375 0.5171625 0.8593805968750001 0.5204636812500001 0.8820066437499999 0.5569337640625001 0.8788641374999999 0.5542401265625 0.8552177734375
12 0.55757959375 0.8806239109374999 0.5204636812500001 0.8845206421875 0.5229788578125001 0.9073562031250001 0.5603921359374999 0.9016996671875 0.55757959375 0.8806239109374999