7 0.175 0.26015625 0.0125 0.021875
7 0.16015625 0.26015625 0.015625 0.021875
5 0.1453125 0.259375 0.015625 0.0203125
0 0.1359375 0.26015625 0.00625 0.003125
36 0.4332016296875 0.43903334374999997 0.44787193593749997 0.49221909999999996 0.5698068265625 0.4760520296875 0.5613719046875 0.42410872812499995 0.4332016296875 0.43903334374999997
34 0.5426717375 0.44486553124999995 0.5461741359375 0.47149526093749994 0.566456946875 0.4682297390625 0.5619036609375 0.44070607656250005 0.5426717375 0.44486553124999995
34 0.5232554687500001 0.44544801874999995 0.5289958359375 0.473827775 0.5478298734375 0.4711842546875 0.5418278375 0.4436605921875 0.5232554687500001 0.44544801874999995
19 0.5285819078125 0.47336126093750003 0.5227868109375 0.4449045984375 0.5170422625 0.4463217515625 0.50664338125 0.46698572499999996 0.5101617984375 0.475071771875 0.5285819078125 0.47336126093750003
0 0.49917929687499996 0.4603014640625 0.5012621890625 0.466674728125 0.5078851421875 0.46636372187499997 0.506022440625 0.45905519375 0.49917929687499996 0.4603014640625
3 0.4778214015625 0.45214663125000004 0.4822211875 0.4791147953125 0.500641296875 0.4766267828125 0.49546709375000003 0.449569625 0.4778214015625 0.45214663125000004
4 0.4764260921875 0.45112463593749996 0.45966172031249997 0.4547011546875 0.459181784375 0.4544765828125 0.46462893593750004 0.4823803265625 0.484083890625 0.4791147953125 0.4764260921875 0.45112463593749996
2 0.44131881875 0.4568065359375 0.44889940937499995 0.484090828125 0.45945475625 0.48284682187500005 0.4536596609375 0.45283515625000004 0.44131881875 0.4568065359375
3 0.95625 0.2453125 0.009375 0.0171875
3 0.978125 0.246875 0.009375 0.01875
9 0.9671875 0.24609375 0.0109375 0.01875
0 0.984375 0.246875 0.0046875 0.00625
20 0.9921875 0.246875 0.009375 0.0171875