36 0.41328125 0.1140625 0.06875 0.184375
36 0.4546875 0.54609375 0.05625 0.1546875
24 0.41171875 0.18359375 0.0375 0.025
34 0.41015625 0.1578125 0.0375 0.028125
17 0.409375 0.1296875 0.0375 0.028125
0 0.4078125 0.1109375 0.009375 0.0078125
7 0.40703125 0.08984375 0.0375 0.025
2 0.4046875 0.06484375 0.0390625 0.01875
6 0.40546875 0.03828125 0.0390625 0.025
7 0.46991380468750005 0.5970975421875 0.435759103125 0.603198878125 0.43852205 0.6214498500000001 0.470115753125 0.6190484078125 0.46991380468750005 0.5970975421875
1 0.4673618484375 0.5746803640625 0.43371692343749996 0.5788642734375 0.43635974375000003 0.6020782109375 0.4690345953125 0.595834459375 0.4673618484375 0.5746803640625
1 0.466151525 0.5519681328125 0.43131435937499996 0.5558104296875 0.4349182046875 0.5793445671875 0.4686742171875 0.573741203125 0.466151525 0.5519681328125
1 0.44921875 0.5484375 0.009375 0.009375
32 0.446875 0.53203125 0.0328125 0.028125
31 0.461357246875 0.4940185546875 0.42783064218750005 0.4997767890625 0.42903192343749996 0.520589284375 0.46362883125 0.5175474671875 0.461357246875 0.4940185546875
12 0.4592556375 0.4716013765625 0.42674948593749995 0.474641703125 0.426509234375 0.49641477343749996 0.46182690937500004 0.49401333125 0.4592556375 0.4716013765625