5 0.53125 0.0875 0.034375 0.021875
3 0.52890625 0.06640625 0.034375 0.0203125
6 0.53046875 0.04609375 0.03125 0.01875
0 0.53125 0.03125 0.00625 0.009375
10 0.53125 0.01484375 0.034375 0.0171875
3 0.471875 0.48125 0.0890625 0.19375
9 0.46328125 0.55390625 0.0375 0.025
3 0.46484375 0.5296875 0.0421875 0.025
3 0.46484375 0.50234375 0.040625 0.021875
2 0.4671875 0.478125 0.040625 0.0125
0 0.4671875 0.46328125 0.009375 0.009375
24 0.46875 0.44609375 0.040625 0.021875
19 0.47109375 0.42265625 0.0390625 0.025
22 0.471875 0.39765625 0.040625 0.025
23 0.7859375 0.8953125 0.01875 0.0109375
20 0.7859375 0.90703125 0.01875 0.0125
5 0.7796875 0.375 0.015625 0.009375
3 0.78046875 0.3640625 0.015625 0.0078125
6 0.78046875 0.35546875 0.015625 0.009375
1 0.78125 0.3453125 0.015625 0.009375
0 0.78125 0.33984375 0.003125 0.003125
2 0.775 0.12734375 0.015625 0.0046875
3 0.77578125 0.1375 0.0140625 0.009375
3 0.77578125 0.146875 0.0125 0.009375
0 0.7765625 0.153125 0.003125 0.003125
19 0.7765625 0.159375 0.0140625 0.009375
34 0.7765625 0.16875 0.015625 0.009375