36 0.71953125 0.49140625 0.203125 0.0734375
36 0.328125 0.5796875 0.2578125 0.1140625
3 0.784375 0.4859375 0.028125 0.04375
1 0.75703125 0.48984375 0.03125 0.040625
2 0.734375 0.49453125 0.021875 0.0390625
0 0.7171875 0.4984375 0.0109375 0.0109375
7 0.696875 0.5015625 0.0296875 0.040625
30 0.6572331234375001 0.48575810468749997 0.6706068968750001 0.52731189375 0.6916229 0.5191922 0.67888599375 0.4814594203125 0.6572331234375001 0.48575810468749997
23 0.6400382359375001 0.5316105624999999 0.66678578125 0.52731189375 0.6546856546875001 0.48575810468749997 0.6273012437500001 0.4895791296875 0.6400382359375001 0.5316105624999999
27 0.3988139671875 0.5502713234375001 0.41225464218749996 0.5957080390625 0.44064992968750005 0.586995959375 0.42473135156249997 0.5424675437500001 0.3988139671875 0.5502713234375001
22 0.3967663078125 0.548598265625 0.365359396875 0.5553743234375 0.367080315625 0.5566650078125 0.381277975 0.603452103125 0.4105337234375 0.59377200625 0.3967663078125 0.548598265625
23 0.33493490625 0.5651522421874999 0.3490106328125 0.6102281734375 0.3782663515625 0.6021614296875 0.36320823281250003 0.5550516546875001 0.33493490625 0.5651522421874999
0 0.3238044640625 0.5840256 0.330940890625 0.59667605625 0.3425571703125 0.5915133171875 0.33653389375 0.5828012375 0.3238044640625 0.5840256
2 0.2942845953125 0.5745889203125001 0.308999065625 0.61829489375 0.32190602031250004 0.6147455296875 0.3081386359375 0.5666677625000001 0.2942845953125 0.5745889203125001
4 0.25073069062500003 0.580033159375 0.2668363921875 0.62958834375 0.2973828453125 0.6202309265625 0.2831851859375 0.5724758375000001 0.25073069062500003 0.580033159375
5 0.2129839734375 0.5876550921875 0.22897601875 0.634751059375 0.2633945546875 0.6257163218749999 0.2457550859375 0.58054256875 0.2129839734375 0.5876550921875
6 0.33434406875 0.13928818437499998 0.33879682187500004 0.1548271375 0.3483847640625 0.153703565625 0.3420926828125 0.13808590781250002 0.33434406875 0.13928818437499998
4 0.3245704453125 0.140552015625 0.3292088890625 0.156287784375 0.33774815 0.1546024234375 0.33265455625 0.138872409375 0.3245704453125 0.140552015625
3 0.3154708640625 0.142321378125 0.319021703125 0.157973140625 0.3289092671875 0.156287784375 0.32516397812500003 0.13999598124999998 0.3154708640625 0.142321378125
14 0.6122536484375 0.136387746875 0.6146208109375 0.1516483171875 0.6231285640625 0.1499364078125 0.6196009546875 0.13406233750000002 0.6122536484375 0.136387746875