36 0.21171875 0.5203125 0.1125 0.05
36 0.5203125 0.52734375 0.121875 0.046875
36 0.73984375 0.51875 0.128125 0.05625
7 0.259375 0.5203125 0.015625 0.025
2 0.2453125 0.5203125 0.009375 0.025
8 0.23046875 0.5203125 0.015625 0.0234375
4 0.215625 0.5203125 0.0140625 0.0234375
0 0.2046875 0.51953125 0.00625 0.00625
20 0.19453125 0.51953125 0.0140625 0.0265625
15 0.18046875 0.51953125 0.015625 0.025
23 0.16484375 0.51875 0.015625 0.025
20 0.5671875 0.53203125 0.021875 0.028125
29 0.5484375 0.53125 0.01875 0.025
20 0.53046875 0.53203125 0.015625 0.025
0 0.51875 0.53125 0.00625 0.00625
6 0.50703125 0.53203125 0.021875 0.025
2 0.48828125 0.53203125 0.0125 0.025
8 0.471875 0.53203125 0.01875 0.025
8 0.78828125 0.5203125 0.0125 0.025
8 0.771875 0.51875 0.015625 0.025
7 0.75625 0.51796875 0.015625 0.025
3 0.73984375 0.51796875 0.015625 0.028125
0 0.7296875 0.51640625 0.00625 0.0046875
29 0.71875 0.515625 0.015625 0.025
12 0.70234375 0.51484375 0.0140625 0.0234375
22 0.6859375 0.5140625 0.015625 0.025
20 0.98984375 0.54921875 0.01875 0.0265625