5 0.10390625 0.61796875 0.0359375 0.046875
36 0.39681345156250003 0.5347351140625001 0.4117128375 0.6090830375 0.6257519578124999 0.5855806015625 0.616364284375 0.5146032765624999 0.39681345156250003 0.5347351140625001
3 0.0537977625 0.5987922609375 0.0618128484375 0.6477807375 0.0918534234375 0.6454305015624999 0.0824657484375 0.5927850625 0.0537977625 0.5987922609375
9 0.0193584375 0.6039581593750001 0.0311464109375 0.6463705953125001 0.053050996875 0.6440203437500001 0.0536768625 0.6007758796875 0.0193584375 0.6039581593750001
23 0.407919484375 0.548871921875 0.415372771875 0.59505779375 0.440931696875 0.5908233125 0.43341436250000004 0.54706696875 0.407919484375 0.548871921875
12 0.4360488625 0.5460796671875 0.44469035 0.5925171015624999 0.4687458125 0.589694109375 0.46122847812499995 0.545937765625 0.4360488625 0.5460796671875
34 0.46293724062499997 0.5457694171874999 0.47062515156250007 0.5894118125000001 0.5014461921875 0.5851773312499999 0.49242539687500003 0.541703284375 0.46293724062499997 0.5457694171874999
0 0.50078125 0.56328125 0.009375 0.009375
7 0.5018219703125 0.541425909375 0.50971525625 0.584612734375 0.5333948656249999 0.5809428390625 0.5281327234375001 0.538315696875 0.5018219703125 0.541425909375
1 0.5299513484375 0.537702903125 0.5382811281250001 0.5820720421875001 0.5627124421875 0.57924905 0.555946840625 0.5346458078125 0.5299513484375 0.537702903125
7 0.583385103125 0.531822821875 0.5582020578125 0.5371865 0.558080728125 0.537082403125 0.5638400515625 0.5795313484375 0.5871437828125 0.5772729546875001 0.583385103125 0.531822821875
9 0.58621010625 0.529636390625 0.59015070625 0.576426059375 0.6149578984375 0.5719092796874999 0.6108233671875001 0.5315405234374999 0.58621010625 0.529636390625