36 0.3103490109375 0.446651925 0.24203888281250002 0.4384227421875 0.2306653171875 0.4635898703125 0.3002006328125 0.47149423593749995 0.3103490109375 0.446651925
36 0.48769034062500005 0.48654017656250004 0.4116802796875 0.4796301640625 0.40242281875 0.5093700796875 0.47866952031250004 0.5187222593749999 0.48769034062500005 0.48654017656250004
36 0.5700770796875 0.517846871875 0.5613110328124999 0.5482128640624999 0.6466327203125 0.5626101171875 0.655653515625 0.53099263125 0.5700770796875 0.517846871875
36 0.8435111890625 0.5553871828125 0.8338650046874999 0.589903696875 0.93873176875 0.6054301421875 0.946249128125 0.5695781640625001 0.8435111890625 0.5553871828125
5 0.928691440625 0.575401365625 0.9237495421874999 0.5963011546875 0.93791058125 0.598501665625 0.942061225 0.577780175 0.928691440625 0.575401365625
5 0.9147185 0.5731845046874999 0.9108092859375001 0.5930003890625 0.9237495421874999 0.595934403125 0.9281443484375 0.5752129109374999 0.9147185 0.5731845046874999
3 0.9018204000000001 0.57157224375 0.8968924093749999 0.5920835046875 0.9103209765625 0.59465076875 0.9127625265624999 0.5728290234375 0.9018204000000001 0.57157224375
8 0.8964041 0.5915333796875 0.9000664328125 0.5720955156249999 0.8878474578125 0.5703630468750001 0.8824872234375001 0.59006636875 0.89396255 0.591166628125 0.8964041 0.5915333796875
0 0.8786412875 0.5774074875 0.8778651312499999 0.5819488828125 0.8837707187499999 0.582673040625 0.8850964625 0.577875503125 0.8786412875 0.5774074875
33 0.8682951328125 0.5686530484375 0.8656923953125 0.588375775 0.8750931265625 0.5887378515624999 0.8814808015625 0.5697287421875 0.8682951328125 0.5686530484375
22 0.8555614031250001 0.5661659921875 0.850024525 0.585841225 0.864005090625 0.58783265625 0.8691875390625 0.567465753125 0.8555614031250001 0.5661659921875
14 0.8421644593750001 0.5650716874999999 0.837249171875 0.58321615625 0.8493013859375 0.58593174375 0.8548454031249999 0.566107959375 0.8421644593750001 0.5650716874999999
1 0.6413322046875 0.5372471046875 0.6345728765625 0.55612599375 0.647035396875 0.5559673484375 0.6518936609375 0.53740575 0.6413322046875 0.5372471046875
6 0.6318845515625 0.5354639578125 0.622955271875 0.552159840625 0.6333054921875 0.5550154734375 0.641120984375 0.5364538703124999 0.6318845515625 0.5354639578125
9 0.6181384953125 0.5343918171875 0.6107710609375 0.5507840578125001 0.6211937765625 0.5525676765624999 0.6292416953125 0.5358214796875 0.6181384953125 0.5343918171875
9 0.6073935765625 0.5323226953125 0.6002164062500001 0.549000440625 0.6109029890625 0.5504867875 0.6174996515625 0.5348305796874999 0.6073935765625 0.5323226953125
0 0.6002786984374999 0.538203359375 0.5992928734375 0.5422623265625 0.6031189359375 0.5425595953125 0.6045702000000001 0.5390914484375 0.6002786984374999 0.538203359375
20 0.591711803125 0.5291645593750001 0.5857037625 0.547415 0.59718195 0.5490995296875 0.6031189359375 0.5314615234375 0.591711803125 0.5291645593750001
22 0.5811120859375001 0.528511153125 0.575544915625 0.5459286515625 0.58530796875 0.5468204625 0.5911130265625 0.530173353125 0.5811120859375001 0.528511153125
14 0.5804264390625 0.5280924640625 0.570399521875 0.527002475 0.5702219656249999 0.5272043390625 0.564990265625 0.5440459421875 0.5751491125 0.5456313828125 0.5804264390625 0.5280924640625
11 0.4706727234375 0.49556007187500006 0.46671151093749996 0.512518203125 0.47846309375 0.5137082484375 0.48163205781249996 0.4959567546875 0.4706727234375 0.49556007187500006
10 0.46038731874999994 0.4944994078125 0.455224015625 0.5112289859375 0.46750375 0.512220690625 0.469484359375 0.4942708578125 0.46038731874999994 0.4944994078125
20 0.44774452656249997 0.492646584375 0.44347243281250004 0.5092455828125 0.4544317765625 0.5111298171875001 0.459053184375 0.49288247187499995 0.44774452656249997 0.492646584375
0 0.44182851875000007 0.49871141249999995 0.440902471875 0.5032213171875 0.44470093750000006 0.503302828125 0.44611179375 0.499716353125 0.44182851875000007 0.49871141249999995
6 0.4315565078125 0.4910074046875 0.4285229265625 0.50814585625 0.43970125 0.50928700625 0.44306560156249997 0.492332759375 0.4315565078125 0.4910074046875
1 0.4212844953125 0.49046991562500003 0.41604227343750005 0.50635261875 0.42743765468749995 0.5075752796875 0.43167022343749994 0.49111009687499996 0.4212844953125 0.49046991562500003
1 0.4107735984375 0.48930535624999993 0.40421278281250006 0.5034997390625 0.414197309375 0.50806434375 0.420383371875 0.48980592500000003 0.4107735984375 0.48930535624999993
33 0.2957143703125 0.45244670468750003 0.2907773609375 0.468447 0.299920025 0.469222275 0.304933753125 0.4533845375 0.2957143703125 0.45244670468750003
12 0.28578185 0.45136699687500004 0.2789601078125 0.467257815625 0.2903811921875 0.468133115625 0.2948097796875 0.45281536093749997 0.28578185 0.45136699687500004
20 0.283971396875 0.4517650015625 0.2740653546875 0.4515024109375 0.27359918906249997 0.45185253124999997 0.2688209734375 0.46647004531249997 0.2781443140625 0.46743287499999997 0.283971396875 0.4517650015625
0 0.2675196078125 0.4568476859375 0.2668237015625 0.4601128265625 0.2705078875 0.46038953125 0.271244721875 0.4565848375 0.2675196078125 0.4568476859375
5 0.25981567499999997 0.4497012734375 0.254297475 0.4642634 0.263323725 0.46571610156250004 0.26912631875000004 0.45146579375 0.25981567499999997 0.4497012734375
6 0.250591228125 0.44916909374999997 0.243244921875 0.46308740625 0.2540211625 0.4648168109375 0.2589948125 0.44994391718750004 0.250591228125 0.44916909374999997
7 0.23974489999999998 0.4478006328125 0.23468914062500001 0.46234630625 0.2419654046875 0.463660653125 0.249517984375 0.4488569359375 0.23974489999999998 0.4478006328125