36 0.52265625 0.4921875 0.0875 0.23125
33 0.5203125 0.57578125 0.046875 0.028125
30 0.515625 0.5484375 0.0453125 0.0296875
22 0.51328125 0.51640625 0.04375 0.0328125
0 0.5109375 0.49296875 0.0109375 0.0109375
8 0.50859375 0.46953125 0.046875 0.03125
6 0.50859375 0.43671875 0.04375 0.034375
3 0.5288766421875 0.3844400015625 0.4801768734375 0.392371759375 0.4838898203125 0.424846475 0.5300362109375001 0.4181397390625 0.5288766421875 0.3844400015625
23 0.90649183125 0.0725624984375 0.8848105984375 0.074609096875 0.885425659375 0.08832135468749999 0.907106896875 0.08770738125000001 0.90649183125 0.0725624984375
17 0.9071303421874999 0.0570107359375 0.8841955296874999 0.0594642359375 0.88434929375 0.0739951234375 0.90649183125 0.072153184375 0.9071303421874999 0.0570107359375
20 0.906554346875 0.041650859375 0.88434929375 0.044319353125 0.88434929375 0.0570083 0.907106896875 0.055984989062500004 0.906554346875 0.041650859375
0 0.89453125 0.040625 0.00625 0.00625
3 0.8953125 0.02890625 0.021875 0.015625
9 0.8953125 0.01328125 0.021875 0.0140625