36 0.709375 0.215625 0.0328125 0.0765625
13 0.7078125 0.2453125 0.015625 0.0109375
17 0.70703125 0.234375 0.01875 0.0125
20 0.7078125 0.221875 0.01875 0.0125
0 0.7078125 0.2140625 0.00625 0.0046875
2 0.7078125 0.20625 0.01875 0.00625
9 0.70703125 0.1953125 0.0171875 0.0125
3 0.70703125 0.184375 0.01875 0.009375
36 0.5417007609375 0.1687105953125 0.4802830953125 0.16460867968749998 0.47506161249999995 0.3091364296875 0.5353096265625 0.3166304671875 0.5417007609375 0.1687105953125
23 0.526727771875 0.17132045625 0.4960591 0.16922086249999999 0.4951459171875 0.1878234921875 0.52554151875 0.1890404953125 0.526727771875 0.17132045625
21 0.5260757015624999 0.1906651921875 0.49423275312500003 0.188866628125 0.49358048749999994 0.2067738421875 0.5259328765625 0.2038182890625 0.5260757015624999 0.1906651921875
12 0.5250975984374999 0.209792571875 0.4951459171875 0.20625226875 0.4933195796875 0.22607190156249998 0.52449789375 0.226419621875 0.5250975984374999 0.209792571875
0 0.50859375 0.22890625 0.0078125 0.00625
5 0.50859375 0.24296875 0.03125 0.0171875
4 0.50859375 0.26171875 0.0328125 0.01875
8 0.50703125 0.28125 0.0328125 0.015625
6 0.50625 0.3 0.0328125 0.01875
36 0.72734375 0.509375 0.025 0.071875
22 0.72578125 0.48046875 0.0171875 0.009375
28 0.72578125 0.4890625 0.015625 0.009375
27 0.72578125 0.4984375 0.015625 0.009375
0 0.7265625 0.50546875 0.003125 0.003125
4 0.72734375 0.5109375 0.015625 0.009375
4 0.72734375 0.5203125 0.015625 0.009375
3 0.72734375 0.53046875 0.015625 0.009375
4 0.72734375 0.53984375 0.015625 0.009375
36 0.4790195125 0.6354962546875 0.42370291250000003 0.6540073296875 0.44626031250000003 0.8001250765625001 0.5036155734375 0.781248609375 0.4790195125 0.6354962546875
9 0.48000504218750006 0.7634600234375 0.45047816875 0.7741226828125 0.454348759375 0.794111425 0.483378215625 0.7848693140624999 0.48000504218750006 0.7634600234375
1 0.47708850468749997 0.7410230515625 0.44499481249999995 0.7521995421875001 0.45015561875000004 0.770683746875 0.48063654375000003 0.7618715109374999 0.47708850468749997 0.7410230515625
5 0.4735559921875 0.716166990625 0.44257569218750004 0.7285569515625 0.44870414375 0.747900890625 0.47805615 0.7354347890625 0.4735559921875 0.716166990625
0 0.45625 0.71640625 0.00625 0.009375
21 0.47289535625 0.7049143609375 0.4685409375 0.6870749453125 0.46892073749999996 0.6868775546875 0.4375761890625 0.695887196875 0.44096294374999995 0.7165207265625 0.47289535625 0.7049143609375
14 0.4671069421875 0.662156196875 0.435318328125 0.6720296593749999 0.4388663859375 0.69266320625 0.47079878593749996 0.6847106890625 0.4671069421875 0.662156196875
20 0.46418652343750005 0.64258389375 0.43322176875 0.6505363953125001 0.4364472640625 0.6705251375 0.4670894671875 0.6606382390625 0.46418652343750005 0.64258389375
36 0.72265625 0.79609375 0.028125 0.078125
6 0.721875 0.82890625 0.015625 0.009375
1 0.72265625 0.81875 0.015625 0.009375
1 0.72265625 0.8078125 0.015625 0.009375
2 0.72265625 0.79765625 0.015625 0.0046875
0 0.721875 0.790625 0.003125 0.0046875
32 0.721875 0.78359375 0.015625 0.009375
21 0.72265625 0.7734375 0.015625 0.009375
23 0.721875 0.76328125 0.015625 0.009375
22 0.8177234296875 0.877994815625 0.8098913203125001 0.8751466046875 0.8101538109374999 0.8812684890625 0.8181159765625001 0.8837172453125 0.8177234296875 0.877994815625
28 0.8170222718750001 0.8723480312499999 0.8087101203125 0.87019079375 0.8090163578125 0.8736307109375 0.817328509375 0.8773038421875 0.8170222718750001 0.8723480312499999
14 0.8167940609375 0.8669152812500001 0.80844763125 0.8636607859375 0.8083601343750001 0.8692579359374999 0.816934775 0.8717066875 0.8167940609375 0.8669152812500001
0 0.8129672484375 0.8629062390625 0.811335009375 0.8626696203125 0.8112475140625 0.8641272125 0.8130849359375001 0.8648851609375001 0.8129672484375 0.8629062390625
3 0.8153180046875 0.8583140625000001 0.8075289203124999 0.855614878125 0.8075289203124999 0.8614452437500001 0.815928565625 0.8636607859375 0.8153180046875 0.8583140625000001
4 0.8148259859375001 0.8532845375000001 0.8069164453125 0.8506007640625001 0.8070914390624999 0.8554399671875 0.81527234375 0.85823854375 0.8148259859375001 0.8532845375000001