36 0.30390625 0.459375 0.1375 0.071875
36 0.79296875 0.5203125 0.190625 0.084375
21 0.8609375 0.53515625 0.025 0.04375
25 0.83359375 0.53203125 0.0234375 0.0421875
20 0.796452821875 0.5090375453125 0.789153184375 0.5450784015625 0.816386753125 0.5508100578125 0.8247858828125001 0.5103063156250001 0.796452821875 0.5090375453125
0 0.780754053125 0.522533859375 0.7820266546875 0.5313224078125 0.7929709859375 0.5336150703125 0.7962797140625 0.5232980890625 0.780754053125 0.522533859375
8 0.760233440625 0.5042893515625 0.75214729375 0.5400134921874999 0.7794268703125 0.545970578125 0.7848827843749999 0.5079941609375 0.760233440625 0.5042893515625
1 0.7328035890625 0.5024093921875 0.726521015625 0.5392688625 0.7470220328125 0.5428679296875 0.7594218421875001 0.5046433 0.7328035890625 0.5024093921875
1 0.7070119765625 0.4986862140625 0.699406759375 0.5345528296875 0.7237104078125001 0.5372831578125 0.73247291875 0.5034022390625 0.7070119765625 0.4986862140625
7 0.350800453125 0.45035714374999997 0.3440569765625 0.48166665468750003 0.3596860921875 0.48427377343750005 0.3706843140625 0.453422928125 0.350800453125 0.45035714374999997
2 0.3369295796875 0.4494525203125 0.3334446296875 0.48325989375 0.341548603125 0.482825371875 0.3486878140625 0.448643221875 0.3369295796875 0.4494525203125
6 0.3203239265625 0.4498019375 0.307782053125 0.4771766265625 0.3286208359375 0.48137697656249995 0.33633891562499996 0.4492225859375 0.3203239265625 0.4498019375
5 0.29586044375 0.44449957187500005 0.291165628125 0.476146775 0.30902374843749997 0.47869082812499997 0.316062715625 0.44581374374999994 0.29586044375 0.44449957187500005
0 0.28699437968749997 0.455794284375 0.2859515703125 0.46342647187499997 0.29442440937500003 0.4632307703125 0.29442440937500003 0.45550074687500003 0.28699437968749997 0.455794284375
14 0.2734523296875 0.441749484375 0.2652257234375 0.47458119062500004 0.2875157953125 0.47702740312499997 0.2922084375 0.44375892656250004 0.2734523296875 0.441749484375
12 0.25676264843749996 0.439254421875 0.25063612343749997 0.4720336578125 0.2665389921875 0.4720336578125 0.27227444218749997 0.44189633281249996 0.25676264843749996 0.439254421875
22 0.2377313515625 0.43671036093750004 0.23251730625000003 0.46870680781249996 0.24946297187500002 0.4709573234375 0.2575447484375 0.43876517968749995 0.2377313515625 0.43671036093750004