36 0.4796875 0.21171875 0.05 0.1125
36 0.47265625 0.5203125 0.046875 0.121875
36 0.48125 0.73984375 0.05625 0.128125
7 0.4796875 0.259375 0.025 0.015625
2 0.4796875 0.2453125 0.025 0.009375
8 0.4796875 0.23046875 0.0234375 0.015625
4 0.4796875 0.215625 0.0234375 0.0140625
0 0.48046875 0.2046875 0.00625 0.00625
20 0.48046875 0.19453125 0.0265625 0.0140625
15 0.48046875 0.18046875 0.025 0.015625
23 0.48125 0.16484375 0.025 0.015625
20 0.46796875 0.5671875 0.028125 0.021875
29 0.46875 0.5484375 0.025 0.01875
20 0.46796875 0.53046875 0.025 0.015625
0 0.46875 0.51875 0.00625 0.00625
6 0.46796875 0.50703125 0.025 0.021875
2 0.46796875 0.48828125 0.025 0.0125
8 0.46796875 0.471875 0.025 0.01875
8 0.4796875 0.78828125 0.025 0.0125
8 0.48125 0.771875 0.025 0.015625
7 0.48203125 0.75625 0.025 0.015625
3 0.48203125 0.73984375 0.028125 0.015625
0 0.48359375 0.7296875 0.0046875 0.00625
29 0.484375 0.71875 0.025 0.015625
12 0.48515625 0.70234375 0.0234375 0.0140625
22 0.4859375 0.6859375 0.025 0.015625
20 0.45078125 0.98984375 0.0265625 0.01875