36 0.63359375 0.53359375 0.2 0.078125
36 0.1604321046875 0.4765377359375 0.1903431765625 0.548596225 0.35893284531249997 0.5003306328125 0.3235833984375 0.43642971093750005 0.1604321046875 0.4765377359375
7 0.96722463125 0.33117376875 0.979825121875 0.3609629734375 0.9921516890625 0.355210575 0.979825121875 0.3262431421875 0.96722463125 0.33117376875
2 0.9828382828125 0.326654028125 0.9921516890625 0.354388803125 0.9995476296874999 0.35171804687499997 0.9902342234375 0.32336694375 0.9828382828125 0.326654028125
33 0.7140625 0.53515625 0.028125 0.04375
34 0.68359375 0.5359375 0.0296875 0.0421875
19 0.65546875 0.5359375 0.0265625 0.0421875
0 0.63359375 0.5375 0.0125 0.0109375
5 0.61328125 0.5375 0.03125 0.0484375
4 0.58359375 0.540625 0.028125 0.0421875
4 0.553125 0.5421875 0.03125 0.04375
22 0.1730554984375 0.4977530609375 0.1931579046875 0.5333692812499999 0.21413432812500002 0.5268141484375 0.1957799578125 0.488575875 0.1730554984375 0.4977530609375
20 0.1975279921875 0.48879437968749995 0.21500834531250002 0.527032653125 0.2365674484375 0.5189479890625 0.21879575624999997 0.4835502734375 0.1975279921875 0.48879437968749995
17 0.219378434375 0.483113265625 0.2371501265625 0.51916649375 0.2572525328125 0.5130483703125 0.2406461984375 0.4787431765625 0.219378434375 0.483113265625
0 0.24937214531250002 0.49238055625 0.2523922234375 0.4993914515625 0.260733390625 0.496694953125 0.256850434375 0.49022335781250004 0.24937214531250002 0.49238055625
4 0.2518169703125 0.47663300625 0.269218371875 0.510824603125 0.2866197734375 0.5051080265625 0.2693621859375 0.47221075 0.2518169703125 0.47663300625
5 0.27238226249999997 0.47059285156249997 0.289352225 0.5041372875000001 0.30862319843749997 0.49831285156250005 0.2922284890625 0.4656312953125 0.27238226249999997 0.47059285156249997
7 0.312218528125 0.45678678125000005 0.2940980609375 0.46476841562500004 0.2939542484375 0.4656312953125 0.3104927703125 0.4988521515625 0.32588078593750003 0.4928119953125 0.312218528125 0.45678678125000005
6 0.3185463109375 0.45862040000000004 0.329188490625 0.494322034375 0.3509042890625 0.4864482609375 0.332927634375 0.455061021875 0.3185463109375 0.45862040000000004