36 0.4765625 0.49921875 0.15625 0.078125
36 0.35234375 0.221875 0.06875 0.025
22 0.9625 0.43828125 0.021875 0.0375
24 1 0.42490201875 0.9794611203124999 0.4214758890625 0.9789246171875 0.4214758890625 0.9724868828125001 0.45674488750000003 0.9942143359375001 0.458558728125 1 0.42490201875
16 0.5359375 0.51015625 0.021875 0.0375
34 0.51015625 0.50859375 0.021875 0.0375
17 0.48671875 0.50625 0.021875 0.034375
0 0.47109375 0.50546875 0.009375 0.009375
1 0.4546875 0.50390625 0.021875 0.034375
8 0.43203125 0.50234375 0.021875 0.034375
6 0.409375 0.50078125 0.01875 0.034375
6 0.37890625 0.2265625 0.009375 0.015625
1 0.36875 0.22578125 0.009375 0.015625
5 0.3578125 0.225 0.009375 0.015625
0 0.35078125 0.22421875 0.0046875 0.0046875
28 0.34453125 0.2234375 0.009375 0.015625
6 0.334375 0.2234375 0.009375 0.0140625
20 0.32421875 0.22265625 0.0109375 0.015625
36 0.109375 0.20625 0.065625 0.0296875
5 0.1359375 0.20859375 0.0078125 0.015625
3 0.12734375 0.2078125 0.0078125 0.015625
6 0.11875 0.20703125 0.0078125 0.015625
1 0.1109375 0.20703125 0.009375 0.015625
0 0.1046875 0.20703125 0.003125 0.003125
12 0.0984375 0.20703125 0.0078125 0.015625
25 0.08984375 0.20625 0.00625 0.015625
22 0.08203125 0.20625 0.0078125 0.015625