36 0.5919780234375 0.4703699859375 0.43042050937500004 0.48397891875 0.4358034203125 0.5502720578125 0.59941488125 0.533509390625 0.5919780234375 0.4703699859375
3 0.5688375625 0.49293620625 0.5750159078125 0.5307778140625 0.5970882140625 0.5266785109375001 0.5946081890625 0.49146167343749997 0.5688375625 0.49293620625
2 0.552086059375 0.49572812343750006 0.5566636828125 0.530591475 0.5690638609375 0.53040515625 0.5653438109375 0.49276600156250006 0.552086059375 0.49572812343750006
5 0.520909653125 0.49817105 0.527151246875 0.536554115625 0.551703634375 0.53264113125 0.546247528125 0.4946293234375 0.520909653125 0.49817105
0 0.512533903125 0.5121306359375 0.5132630703125 0.52295185625 0.5244232515625 0.5225791875 0.5236791953125 0.5119582421875 0.512533903125 0.5121306359375
13 0.48368409375 0.5023589265624999 0.4892067390625 0.54009443125 0.5130150703125 0.5354361171875001 0.5078069937499999 0.49705164531249996 0.48368409375 0.5023589265624999
31 0.458091521875 0.504801853125 0.46515040937499996 0.5410260890624999 0.48895874062500005 0.53841744375 0.4832546640625 0.50077829375 0.458091521875 0.504801853125
12 0.43296426875 0.5082917499999999 0.43588601562499996 0.544380084375 0.46267035625 0.54251676875 0.4577103078125 0.5050639421875001 0.43296426875 0.5082917499999999
36 0.7870586734375 0.2410792484375 0.7885368984375 0.27112701562499997 0.8596108984375 0.27053035937500003 0.8580226765625 0.2380130265625 0.7870586734375 0.2410792484375
1 0.8477859875 0.248276396875 0.8478178468750001 0.2649241875 0.8560273578125001 0.2645262453125 0.8554976921874999 0.24731544374999997 0.8477859875 0.248276396875
1 0.834375 0.25625 0.009375 0.0171875
4 0.84296875 0.25625 0.0078125 0.0171875
3 0.82421875 0.25703125 0.009375 0.01875
0 0.81796875 0.25703125 0.003125 0.003125
34 0.81171875 0.25703125 0.009375 0.015625
12 0.80234375 0.25703125 0.009375 0.015625
23 0.79296875 0.25703125 0.009375 0.0171875
3 0.5428329203125 0.20383327968749998 0.532399528125 0.203917928125 0.532399528125 0.2045204046875 0.5337831359375 0.22302645937499999 0.5461549953125 0.22199363437500003 0.5428329203125 0.20383327968749998
3 0.5564648765625 0.20434968750000002 0.5564648765625 0.22302645937499999 0.56883674375 0.22216577656249997 0.56666020625 0.2035750765625 0.5564648765625 0.20434968750000002
9 0.5457844390625 0.222810578125 0.5564379781250001 0.22272450781250003 0.554490559375 0.2034452625 0.5428060218749999 0.20387560312500003 0.5457844390625 0.222810578125
0 0.56953125 0.2125 0.003125 0.00625
20 0.578125 0.2125 0.0125 0.0171875
17 0.5890625 0.2125 0.0125 0.0171875