36 0.44296875 0.52890625 0.0859375 0.190625
3 0.43828125 0.6078125 0.040625 0.021875
1 0.440625 0.58125 0.04375 0.025
8 0.44140625 0.55546875 0.04375 0.025
4 0.4421875 0.53046875 0.040625 0.025
0 0.44375 0.51171875 0.0109375 0.0078125
15 0.44453125 0.49375 0.040625 0.025
20 0.4453125 0.4703125 0.0421875 0.0203125
22 0.446875 0.446875 0.040625 0.0234375
13 0.7453125 0.70234375 0.01875 0.0125
36 0.859375 0.8015625 0.01875 0.046875
1 0.859375 0.82109375 0.009375 0.00625
6 0.859375 0.81484375 0.009375 0.00625
9 0.859375 0.809375 0.009375 0.00625
5 0.86015625 0.803125 0.009375 0.00625
14 0.859375 0.78203125 0.009375 0.00625
22 0.859375 0.78828125 0.009375 0.0046875
16 0.859375 0.79453125 0.009375 0.00625