2 0.090129746875 0.08378790781249999 0.058694453125000004 0.10324895781250001 0.06379790625000001 0.11108654375 0.09755929218750001 0.0896638359375 0.090129746875 0.08378790781249999
2 0.05058216875 0.0419315171875 0.015853278125000002 0.071758321875 0.0272234125 0.07909569375 0.0589219734375 0.048141128125 0.05058216875 0.0419315171875
8 0.061552626562500004 0.054407725 0.029118440625000002 0.07817850937500001 0.0410053953125 0.0910189359375 0.0754603546875 0.0648795296875 0.061552626562500004 0.054407725
7 0.07542702812499999 0.06688393125 0.0413499484375 0.0914775140625 0.0584051515625 0.10019065 0.09077294687500001 0.0788664046875 0.07542702812499999 0.06688393125
0 0.028125 0.0515625 0.0078125 0.009375
36 0.3086423109375 0.119331071875 0.26301219531250003 0.06014439218749999 0.22421715312499998 0.10213684218750001 0.272360403125 0.1593710109375 0.3086423109375 0.119331071875
36 0.3588235859375 0.2908727453125 0.3375564265625 0.2669214703125 0.30553881562499996 0.28527373125 0.32797451718750004 0.30953605624999997 0.3588235859375 0.2908727453125
36 0.55859375 0.278125 0.0109375 0.028125
36 0.5375 0.4796875 0.0140625 0.0328125
36 0.5640625 0.5796875 0.009375 0.03125
36 0.559375 0.67734375 0.0125 0.03125
36 0.35575341250000003 0.839529615625 0.32868981875 0.808457934375 0.28365271875000003 0.844961865625 0.326380240625 0.887229521875 0.35575341250000003 0.839529615625
2 0.3187588171875 0.8683825734375 0.296630540625 0.8475989296875 0.2949411234375 0.8526957140625001 0.3155520265625 0.8733825359375 0.3187588171875 0.8683825734375
2 0.329938925 0.8565696296875001 0.3098080015625 0.8386046484375 0.3072175546875 0.841902553125 0.3256885359375 0.861240253125 0.329938925 0.8565696296875001
3 0.3250871796875 0.8610697984375 0.30496500000000004 0.8423522609375 0.2993336015625 0.8483484593749999 0.31938137499999997 0.8670865328125 0.3250871796875 0.8610697984375
7 0.33563445000000003 0.8498193765625001 0.316790928125 0.8317090359374999 0.3135247234375 0.834107509375 0.33041890625 0.8567431125 0.33563445000000003 0.8498193765625001
0 0.3303004546875 0.8403130765625001 0.326629034375 0.8379902515625 0.325294721875 0.8405061593750001 0.32796334531250004 0.8428740671874999 0.3303004546875 0.8403130765625001
10 0.342473978125 0.8442060203124999 0.3254615125 0.825114746875 0.31934592031250003 0.8299245656249999 0.337692696875 0.8481278703124999 0.342473978125 0.8442060203124999
15 0.3476899296875 0.8382305046875 0.33006161562499997 0.821773478125 0.32744858906249996 0.8228094390624999 0.3427931671875 0.8435286421875 0.3476899296875 0.8382305046875
10 0.3505014015625 0.8339265234375001 0.3342313375 0.8171856515625 0.3296168453125 0.8208115125000001 0.347685640625 0.8382008515624999 0.3505014015625 0.8339265234375001
2 0.3716989578125 0.8327723812500001 0.355622553125 0.8220457437500001 0.354132215625 0.8248374765625 0.37113311250000003 0.8360778812499999 0.3716989578125 0.8327723812500001
5 0.38051672187499996 0.8225600109375 0.36539255000000004 0.8122746765625 0.362908653125 0.814625615625 0.3778120359375 0.825131346875 0.38051672187499996 0.8225600109375
4 0.377488353125 0.825466715625 0.36279825312499997 0.814625615625 0.359983175 0.81785815 0.37538333437500004 0.8290985453124999 0.377488353125 0.825466715625
7 0.3751727265625 0.8288252171874999 0.3598978609375 0.8182105906249999 0.3580327203125 0.81958021875 0.3728895375 0.8326345046875 0.3751727265625 0.8288252171874999
6 0.56015625 0.68984375 0.00625 0.003125
4 0.559375 0.6859375 0.00625 0.003125
9 0.559375 0.68203125 0.00625 0.003125
5 0.559375 0.678125 0.00625 0.003125
0 0.559375 0.675 0.0015625 0.0015625
32 0.559375 0.67265625 0.00625 0.003125
34 0.559375 0.66875 0.00625 0.003125
22 0.559375 0.66484375 0.00625 0.003125
7 0.5640625 0.59140625 0.00625 0.003125
6 0.56484375 0.5875 0.00625 0.003125
3 0.56484375 0.58359375 0.00625 0.003125
2 0.56484375 0.5796875 0.00625 0.0015625
0 0.56484375 0.57734375 0.0015625 0.003125
32 0.5640625 0.575 0.00625 0.003125
20 0.56484375 0.5703125 0.00625 0.003125
23 0.56484375 0.56640625 0.00625 0.003125
1 0.53671875 0.4921875 0.00625 0.003125
3 0.53671875 0.48828125 0.00625 0.003125
6 0.5375 0.484375 0.00625 0.003125
4 0.53671875 0.48046875 0.00625 0.003125
0 0.53671875 0.478125 0.0015625 0.0015625
11 0.53671875 0.475 0.00625 0.003125
25 0.53671875 0.47109375 0.00625 0.003125
14 0.53671875 0.4671875 0.00625 0.003125
13 0.55703125 0.28984375 0.00625 0.0046875
32 0.55703125 0.28515625 0.0046875 0.003125
22 0.55703125 0.28125 0.00625 0.003125
0 0.55703125 0.278125 0.003125 0.0015625
5 0.55703125 0.275 0.0046875 0.0046875
3 0.55703125 0.2703125 0.00625 0.003125
8 0.55703125 0.26640625 0.00625 0.003125
8 0.35191566875 0.2950793640625 0.35010086875 0.2931351296875 0.33222690625 0.302351696875 0.334831059375 0.3038484078125 0.35191566875 0.2950793640625
6 0.349033553125 0.2922711484375 0.3456619703125 0.2911657828125 0.3287349734375 0.3011700859375 0.33139830937500003 0.30227292499999997 0.349033553125 0.2922711484375
5 0.34714909375 0.2899063359375 0.343945596875 0.28659689374999997 0.3264267453125 0.297467709375 0.3299186796875 0.300224803125 0.34714909375 0.2899063359375
3 0.34038720625 0.28399430468750003 0.3224021453125 0.294868159375 0.32690022343749997 0.29801912812500003 0.3436496703125 0.2868332125 0.34038720625 0.28399430468750003
0 0.3337361703125 0.287245921875 0.33193097968749996 0.2867544390625 0.329326825 0.288645015625 0.3305105296875 0.29029927187500004 0.3337361703125 0.287245921875
12 0.33916785 0.2822206953125 0.3363698765625 0.27950722968749997 0.31802242812500003 0.2903780453125 0.3229939984375 0.2931351296875 0.33916785 0.2822206953125
26 0.336174884375 0.278673475 0.3334697953125 0.275568525 0.31470805468749996 0.2861242484375 0.3186734703125 0.2902204984375 0.336174884375 0.278673475
14 0.3329602171875 0.27527405781250003 0.33009623593750004 0.2725751078125 0.31038752812500003 0.28100393125 0.3146488703125 0.2858879203125 0.3329602171875 0.27527405781250003
3 0.29616616875 0.1224332078125 0.274449421875 0.1428663640625 0.2814615125 0.148896846875 0.300340225 0.12793370937499998 0.29616616875 0.1224332078125
4 0.2955600203125 0.12162500937500001 0.29084693281249996 0.1144368828125 0.2689476171875 0.13755378437500002 0.27520457187499997 0.14042545312500002 0.2955600203125 0.12162500937500001
6 0.2907108234375 0.11192661718750001 0.2767148640625 0.11429330156249999 0.2625827984375 0.1308053796875 0.2690555 0.134394953125 0.2907108234375 0.11192661718750001
7 0.28485137968749996 0.106538621875 0.2774700125 0.0992170671875 0.2565416046875 0.12233396875 0.260425234375 0.12664146406250001 0.28485137968749996 0.106538621875
0 0.2703037921875 0.106538621875 0.2656033953125 0.1058218921875 0.26333794843749997 0.1117088109375 0.26581915 0.11328821874999999 0.2703037921875 0.106538621875
34 0.2765673359375 0.09603203125000001 0.2702431796875 0.088272840625 0.2472650859375 0.11253840625 0.25524808593750004 0.117850984375 0.2765673359375 0.09603203125000001
20 0.2705058421875 0.0874112390625 0.2636626015625 0.07980142968750001 0.24090026718750002 0.10277475 0.24834386562500002 0.108805234375 0.2705058421875 0.0874112390625
23 0.2634340984375 0.07798224687500001 0.2562189953125 0.0716171984375 0.23334878125 0.094446921875 0.2416554171875 0.10234399062499999 0.2634340984375 0.07798224687500001