36 0.6031415890625 0.262852521875 0.5418511078125 0.2587562546875 0.5352388390625 0.40727470937500004 0.5947492249999999 0.4117883078125 0.6031415890625 0.262852521875
23 0.5842192500000001 0.26372802812499996 0.5495863734374999 0.2615913203125 0.5487146546874999 0.2832772640625 0.582711615625 0.285213509375 0.5842192500000001 0.26372802812499996
3 0.5816775078124999 0.28551439843750004 0.5487146546874999 0.283019103125 0.5479397921875 0.30457595625 0.5807744687499999 0.306899453125 0.5816775078124999 0.28551439843750004
10 0.580709225 0.3105283765625 0.5483272234375 0.3052213703125 0.5470680812500001 0.325745565625 0.579224746875 0.325874646875 0.580709225 0.3105283765625
0 0.56328125 0.3328125 0.009375 0.0078125
9 0.5625 0.34921875 0.034375 0.0203125
5 0.5609375 0.37109375 0.034375 0.021875
9 0.56015625 0.39296875 0.034375 0.021875
36 0.5454090125 0.746588 0.47916292031249996 0.7257258703125 0.447661725 0.9132857234375 0.5163298078125 0.9320115421875 0.5454090125 0.746588
6 0.523585175 0.7434267 0.48746963593750003 0.7321904015625 0.4819327578125 0.7581848078125 0.5180482984375 0.7665701 0.523585175 0.7434267
1 0.5190970234375001 0.770149240625 0.4824361125 0.7585202265625 0.47765425937500006 0.783676103125 0.5142731546875 0.7939061578125 0.5190970234375001 0.770149240625
4 0.5139077624999999 0.797405965625 0.47866096875 0.7865270984375 0.4728724171875 0.8100059156249999 0.509742984375 0.8205713890625 0.5139077624999999 0.797405965625
0 0.49140625 0.8234375 0.009375 0.009375
24 0.5090330015625 0.83703305 0.47224322656249995 0.8249317390625001 0.4673355375 0.8519323906249999 0.5043319421875 0.861659309375 0.5090330015625 0.83703305
33 0.5043154921874999 0.8651284421875 0.4670238765625 0.8577279000000001 0.46337456875000005 0.8796973765624999 0.5012518453125 0.8907659593749999 0.5043154921874999 0.8651284421875
16 0.5013277359375 0.8928045015625001 0.4626195421875 0.8830514812500001 0.4579635265625 0.9095490093749999 0.4968475109375 0.921791540625 0.5013277359375 0.8928045015625001
7 0.7703125 0.26796875 0.01875 0.009375
3 0.7703125 0.25703125 0.0171875 0.009375
3 0.7703125 0.246875 0.01875 0.009375
3 0.7703125 0.2359375 0.0171875 0.009375
3 0.771875 0.2296875 0.003125 0.003125
29 0.77109375 0.22265625 0.0171875 0.009375
19 0.771875 0.2125 0.01875 0.009375
23 0.771875 0.2015625 0.01875 0.009375