36 0.46875 0.60078125 0.20625 0.06875
36 0.9203125 0.4640625 0.1515625 0.0625
24 0.98203125 0.46875 0.0203125 0.040625
30 0.96015625 0.46640625 0.021875 0.040625
17 0.9375 0.4703125 0.025 0.034375
0 0.92109375 0.471875 0.0078125 0.00625
1 0.90546875 0.471875 0.021875 0.034375
3 0.8828125 0.4734375 0.021875 0.034375
1 0.859375 0.47578125 0.021875 0.03125
14 0.38515625 0.60546875 0.0296875 0.040625
22 0.39655218593749997 0.5836484484375 0.40390330781249995 0.6248453609375 0.4271818609375 0.6210166515625 0.420851728125 0.58058548125 0.39655218593749997 0.5836484484375
16 0.4224853109375 0.58058548125 0.42942803749999997 0.6223949859375 0.45107300625 0.6171879421875001 0.44433447812500004 0.57706306875 0.4224853109375 0.58058548125
0 0.45234375 0.59765625 0.009375 0.0078125
5 0.4529107875 0.5802791843749999 0.46169129375000006 0.6181068328125 0.4835404625 0.6139718265624999 0.477822921875 0.5747658421875 0.4529107875 0.5802791843749999
9 0.48088589062500003 0.576756771875 0.48578663750000006 0.6153501609375 0.5060022234375 0.6104494140625001 0.5023266625 0.5723154687500001 0.48088589062500003 0.576756771875
6 0.5062064203125 0.5724686171875 0.509065190625 0.6109088578125 0.5327521390625 0.6078458906249999 0.5270346 0.56986509375 0.5062064203125 0.5724686171875
1 0.5509257453124999 0.5671084234375 0.5296891718750001 0.56940565 0.52764719375 0.56986509375 0.5339773265625001 0.60998996875 0.5574600765625 0.6066207046875001 0.5509257453124999 0.5671084234375
0 0.19609375 0.1828125 0.003125 0.003125
4 0.20078125 0.1828125 0.0078125 0.009375