36 0.2421875 0.471875 0.1578125 0.0578125
23 0.17890625 0.47265625 0.01875 0.0328125
20 0.1984375 0.47265625 0.01875 0.03125
30 0.21796875 0.471875 0.01875 0.03125
0 0.23203125 0.471875 0.00625 0.00625
3 0.24609375 0.4703125 0.01875 0.03125
5 0.265625 0.4703125 0.01875 0.0296875
5 0.2859375 0.46953125 0.0203125 0.0296875
1 0.30546875 0.46875 0.021875 0.0296875
36 0.69765625 0.478125 0.134375 0.046875
23 0.64296875 0.48125 0.01875 0.028125
15 0.6609375 0.48046875 0.015625 0.028125
17 0.67890625 0.4796875 0.01875 0.028125
0 0.68984375 0.47890625 0.00625 0.00625
1 0.7015625 0.478125 0.01875 0.025
1 0.71875 0.47734375 0.015625 0.0265625
4 0.734375 0.47578125 0.0171875 0.025
5 0.75078125 0.475 0.015625 0.0265625
22 0.97421875 0.5 0.015625 0.0265625
34 0.99140625 0.5 0.015625 0.028125