36 0.418315646875 0.49013912968750006 0.4264743984375 0.534421021875 0.5333540218749999 0.5215649828125 0.5203000546875 0.478711540625 0.418315646875 0.49013912968750006
23 0.42118851875 0.5007808453125 0.42712845312500003 0.525797421875 0.44135813593749995 0.5227467781249999 0.43438849218750003 0.4991043125 0.42118851875 0.5007808453125
20 0.435711009375 0.49860247187500006 0.441503334375 0.5224199203125 0.4545714046875 0.5208946109375 0.44876337343749995 0.497578990625 0.435711009375 0.49860247187500006
34 0.44950737500000004 0.4973771359375 0.4551522109375 0.5205677484375 0.470688703125 0.5188245234375 0.4647354609375 0.49572682031250004 0.44950737500000004 0.4973771359375
0 0.46875 0.50625 0.00625 0.00625
7 0.468493165625 0.4952800921875 0.474912028125 0.518563375 0.48441725468749997 0.51764730625 0.48127791093749994 0.4940258421875 0.468493165625 0.4952800921875
3 0.4838653921875 0.4933176796875 0.48799260312500004 0.5170584046875 0.503340484375 0.514768234375 0.49584094843750004 0.4912122046875 0.4838653921875 0.4933176796875
6 0.5002717421875 0.4914094890625 0.5021902296875 0.5148346515625 0.5157940203125 0.513198815625 0.5094281374999999 0.4908205875 0.5002717421875 0.4914094890625
5 0.510139909375 0.4908646640625 0.516491653125 0.513198815625 0.528525784375 0.5113012484375 0.5225087125 0.48938105624999995 0.510139909375 0.4908646640625
22 0.9621957125 0.46913164375000005 0.96759445625 0.49062276562499996 0.979680521875 0.4887943828125 0.9750995093749999 0.46729260000000006 0.9621957125 0.46913164375000005
21 0.97608724375 0.4676693765625 0.9799729218750001 0.4895257359375 0.9924488609375001 0.488209303125 0.9819222859375 0.46663438125 0.97608724375 0.4676693765625
2 0.2533277546875 0.3416565453125 0.25774323125 0.35086964374999996 0.26105489375 0.3491189140625 0.2566142546875 0.34059116718750004 0.2533277546875 0.3416565453125
3 0.2470232609375 0.3427857078125 0.251044640625 0.35182971875 0.2569905796875 0.35007899062500003 0.25254994218750004 0.3412688671875 0.2470232609375 0.3427857078125