36 0.46015625 0.5546875 0.0625 0.184375
22 0.4546875 0.48125 0.0359375 0.0234375
17 0.45625 0.50390625 0.0375 0.025
22 0.4578125 0.52890625 0.034375 0.021875
0 0.45859375 0.54375 0.00625 0.009375
3 0.45859375 0.559375 0.034375 0.021875
5 0.46171875 0.58203125 0.0375 0.025
9 0.4625 0.60390625 0.034375 0.0203125
8 0.46328125 0.62734375 0.0375 0.021875
2 0.43515625 0.18125 0.04375 0.01875
5 0.434375 0.15390625 0.04375 0.034375
3 0.43125 0.1234375 0.0453125 0.028125
5 0.42890625 0.09375 0.0453125 0.034375
0 0.42734375 0.0734375 0.009375 0.0109375
28 0.425 0.053125 0.04375 0.028125
21 0.421875 0.025 0.04375 0.0328125