36 0.144375196875 0.55280568125 0.06207149375 0.561521221875 0.07116470625 0.590065584375 0.1547865375 0.5807174484375001 0.144375196875 0.55280568125
6 0.066495496875 0.5699812953125 0.0696767109375 0.5852254546875 0.082737875 0.5832397609375 0.0774472640625 0.5689675765625 0.066495496875 0.5699812953125
1 0.079155890625 0.568624825 0.0833991671875 0.584604921875 0.09761764218749999 0.582246909375 0.0915003875 0.56685778125 0.079155890625 0.568624825
7 0.0912337796875 0.5663857875 0.0982726484375 0.5824424109375 0.10648189062499999 0.5820448390624999 0.10453991562500001 0.5646844109375 0.0912337796875 0.5663857875
0 0.10859375 0.57265625 0.00625 0.003125
20 0.12042878125 0.5621664890625 0.109394846875 0.5638230140625 0.10875326874999999 0.5639027109375 0.1136318828125 0.580454575 0.1248423546875 0.5778703859375 0.12042878125 0.5621664890625
34 0.12075480937500001 0.5621438640624999 0.1251954390625 0.5773402953125 0.137288646875 0.577008990625 0.13243371406249999 0.5601786546875 0.12075480937500001 0.5621438640624999
14 0.1335840421875 0.5604884796875 0.13755345000000002 0.5766776828125 0.1502645375 0.57495489375 0.144968246875 0.5591847359375001 0.1335840421875 0.5604884796875
36 0.286320103125 0.5058123359375 0.2966185859375 0.53271475 0.3628035125 0.52467495 0.354564721875 0.4997309453125 0.286320103125 0.5058123359375
9 0.29173233593750003 0.5137058515625 0.295271678125 0.52849966875 0.3056410078125 0.527526696875 0.30144752656249996 0.5128749078125 0.29173233593750003 0.5137058515625
6 0.301905 0.5127032093749999 0.306098475 0.5274694656250001 0.315552871875 0.5263247921875001 0.3117406171875 0.5118447046875 0.301905 0.5127032093749999
6 0.312703471875 0.5111142484375 0.3166203125 0.5269543624999999 0.32615095 0.52512289375 0.3217287203125 0.5107572703125001 0.312703471875 0.5111142484375
0 0.3265625 0.51796875 0.003125 0.003125
20 0.32616789375 0.5104886890625 0.3310960765625 0.525830728125 0.3413891609375 0.5242281890625 0.33559453125 0.5094619328125 0.32616789375 0.5104886890625
29 0.3366534625 0.5090588390625 0.3406267140625 0.5241709546875 0.350081103125 0.52251118125 0.34596386875 0.5085461953125 0.3366534625 0.5090588390625
22 0.346185796875 0.5080758171875 0.3516822515625 0.5237130890625 0.360602928125 0.5215382109375 0.35526577187499997 0.5064857890625001 0.346185796875 0.5080758171875
36 0.4805425859375 0.4948299453125 0.4900002578125 0.51828858125 0.5464938359375 0.5116134015625 0.536685921875 0.48736678906249997 0.4805425859375 0.4948299453125
7 0.4842212078125 0.5012675343749999 0.4900002578125 0.514656503125 0.4964081046875 0.5135766890625 0.49392341406250007 0.50003 0.4842212078125 0.5012675343749999
5 0.493213396875 0.5003478796875 0.4983696828125 0.5139693453125 0.50713140625 0.5125950453125 0.5012466609375 0.49963734375 0.493213396875 0.5003478796875
2 0.5032274265625001 0.4995815 0.5101391734375 0.512889540625 0.5124930640625001 0.512889540625 0.5076544953125001 0.4983612046875 0.5032274265625001 0.4995815
0 0.5140625 0.5046875 0.003125 0.003125
12 0.5142306421875 0.4987109921875 0.519727709375 0.5111987703125 0.5266994140625 0.5102780921875001 0.5217933984375 0.49763088906249997 0.5142306421875 0.4987109921875
20 0.5224020656249999 0.4972734265625 0.527474046875 0.5106657484375 0.535026728125 0.50901821875 0.53050803125 0.496613296875 0.5224020656249999 0.4972734265625
16 0.5310778968750001 0.496365490625 0.5352849390625 0.509308959375 0.5435477 0.50838828125 0.5382543703125 0.495353421875 0.5310778968750001 0.496365490625
36 0.6057303984375 0.4766935484375 0.6154721421875 0.4998308359375 0.6742152156250001 0.49294997656249995 0.665629690625 0.47036914375 0.6057303984375 0.4766935484375
10 0.61107713125 0.48214116249999994 0.6141165359375 0.49580892343749994 0.6228957203125 0.49406448125 0.6164404390625 0.48161110625000003 0.61107713125 0.48214116249999994
15 0.6178606015625 0.482144128125 0.623283034375 0.4946459640625 0.6275435265625 0.4920293 0.6256714875 0.4806419703125 0.6178606015625 0.482144128125
10 0.6282536046875 0.4803996875 0.630190184375 0.493628371875 0.6391630296875 0.491157078125 0.6322558796875 0.4798666609375 0.6282536046875 0.4803996875
0 0.6375 0.4859375 0.003125 0.003125
8 0.637742865625 0.480205859375 0.6425197796875 0.4921262140625 0.649685140625 0.49057559843750004 0.6449082328125 0.47947900781249997 0.637742865625 0.480205859375
8 0.645489203125 0.47938209374999996 0.650524328125 0.490139490625 0.6571087140625 0.48999411718749997 0.6523963609375001 0.478316046875 0.645489203125 0.47938209374999996
5 0.652438653125 0.4776771453125 0.658916196875 0.49067251093750003 0.6641449781250001 0.4885888734375 0.6591098546875 0.477007715625 0.652438653125 0.4776771453125
7 0.6598844875000001 0.47744382500000004 0.6648550515625 0.48970337812500003 0.668340909375 0.48917035468750003 0.6671789578125 0.47666851875000005 0.6598844875000001 0.47744382500000004
36 0.7614495953125 0.4641233859375 0.7723689125 0.4838701453125 0.8119271265625001 0.47811020156249995 0.8025404296875 0.45870534999999996 0.7614495953125 0.4641233859375
7 0.7769877609375 0.48017930781249996 0.7728159078125 0.4692745625 0.7665581031250001 0.47005746718749997 0.7732628828125 0.48129774375 0.7769877609375 0.4806266828125 0.7769877609375 0.48017930781249996
5 0.773188390625 0.4692745625 0.7778817375 0.48029115625 0.784139528125 0.4788371859375 0.7792971890625 0.467932440625 0.773188390625 0.4692745625
6 0.7799608828125 0.46848925625 0.785107996875 0.47917271875 0.7900248359375001 0.4783898125 0.7862254656250001 0.46815612812499996 0.7799608828125 0.46848925625
0 0.7890625 0.47265625 0.003125 0.003125
12 0.788885984375 0.467749934375 0.7934259953125 0.4782237484375 0.798994475 0.476581609375 0.793982840625 0.4664899125 0.788885984375 0.467749934375
16 0.7946192421875 0.4663107703125 0.7995911 0.47720860624999994 0.805199359375 0.4761934671875 0.8000286265625001 0.46562405625 0.7946192421875 0.4663107703125
16 0.7998881796874999 0.46551220000000004 0.805477778125 0.47607404062500003 0.8107280625 0.47559632343749997 0.8055573296875 0.4651762 0.7998881796874999 0.46551220000000004
36 0.9291815765625 0.4233869140625 0.8952138906249999 0.42652561093749997 0.90706865 0.44549568125 0.9395520171875 0.44122224687499995 0.9291815765625 0.4233869140625
8 0.9280991296875 0.4289046984375 0.9332562734375 0.4386079109375 0.9368060140625 0.43725046562500003 0.931514896875 0.4276980828125 0.9280991296875 0.4289046984375
5 0.92332013125 0.42856551718749997 0.9295056140625 0.439160940625 0.9325865109375 0.4386079109375 0.9276972640625001 0.42845221875000006 0.92332013125 0.42856551718749997
6 0.9201289734375001 0.42910580156250006 0.9244824125 0.43961342343750004 0.9285679531250001 0.43850735937499996 0.9235447515624999 0.4286030453125 0.9201289734375001 0.42910580156250006
5 0.9144360140625001 0.4295582828125 0.9197271265625 0.4400659078125 0.9234777734374999 0.43906039531249996 0.91852155 0.4286030453125 0.9144360140625001 0.4295582828125
0 0.9148378671874999 0.43388199375000003 0.915775534375 0.43579247031249996 0.918119690625 0.4353902625 0.916780171875 0.43388199375000003 0.9148378671874999 0.43388199375000003
23 0.9079954015625 0.4300061390625 0.913610109375 0.4403374484375 0.9182975078125001 0.4391800109375 0.9124382546875 0.4295964296875 0.9079954015625 0.4300061390625
20 0.9034652359375 0.4308736171875 0.9088610265625 0.44080042343750003 0.91354843125 0.440105959375 0.9076891781249999 0.42992051093750006 0.9034652359375 0.4308736171875
23 0.898838684375 0.4311627765625 0.904728709375 0.44154118281250004 0.9092310875 0.44066152968749994 0.9036185390625 0.43075386718750003 0.898838684375 0.4311627765625
22 0.150249303125 0.45302479218749997 0.1538627921875 0.46349494062499996 0.15935529843750001 0.461433465625 0.15675358125 0.45145155625 0.150249303125 0.45302479218749997
29 0.43200560625 0.438394584375 0.4342891578125 0.4459471234375 0.4396502203125 0.4448800734375 0.437335215625 0.43692294687500005 0.43200560625 0.438394584375