36 0.52734375 0.07265625 0.05 0.14375
36 0.58125 0.53125 0.05 0.1375
22 0.53515625 0.8953125 0.028125 0.0171875
12 0.5359375 0.9125 0.028125 0.0171875
27 0.53671875 0.93046875 0.028125 0.01875
0 0.5375 0.94296875 0.009375 0.00625
6 0.5375 0.9546875 0.0265625 0.0171875
8 0.5375 0.9703125 0.028125 0.015625
9 0.53828125 0.9875 0.025 0.015625
29 0.57890625 0.584375 0.028125 0.0203125
24 0.57890625 0.5640625 0.028125 0.0171875
14 0.578125 0.5453125 0.028125 0.01875
0 0.578125 0.53125 0.0078125 0.0078125
2 0.57734375 0.51640625 0.028125 0.0140625
1 0.5765625 0.49921875 0.025 0.01875
1 0.5765625 0.478125 0.028125 0.01875
2 0.52734375 0.13046875 0.028125 0.0109375
4 0.52734375 0.11015625 0.028125 0.01875
4 0.52734375 0.0921875 0.028125 0.015625
4 0.5265625 0.071875 0.028125 0.01875
0 0.52578125 0.06015625 0.0078125 0.009375
33 0.52578125 0.04609375 0.03125 0.01875
14 0.52421875 0.02890625 0.028125 0.01875