36 0.215625 0.290625 0.0765625 0.0328125
13 0.2453125 0.2921875 0.0109375 0.015625
17 0.234375 0.29296875 0.0125 0.01875
20 0.221875 0.2921875 0.0125 0.01875
0 0.2140625 0.2921875 0.0046875 0.00625
2 0.20625 0.2921875 0.00625 0.01875
9 0.1953125 0.29296875 0.0125 0.0171875
3 0.184375 0.29296875 0.009375 0.01875
36 0.1687105953125 0.4582992390625 0.16460867968749998 0.5197169046875 0.3091364296875 0.5249383875 0.3166304671875 0.46469037343749997 0.1687105953125 0.4582992390625
23 0.17132045625 0.473272228125 0.16922086249999999 0.5039409 0.1878234921875 0.5048540828125 0.1890404953125 0.47445848125 0.17132045625 0.473272228125
21 0.1906651921875 0.4739242984375 0.188866628125 0.505767246875 0.2067738421875 0.5064195125000001 0.2038182890625 0.4740671234375 0.1906651921875 0.4739242984375
12 0.209792571875 0.4749024015625 0.20625226875 0.5048540828125 0.22607190156249998 0.5066804203124999 0.226419621875 0.47550210625 0.209792571875 0.4749024015625
0 0.22890625 0.49140625 0.00625 0.0078125
5 0.24296875 0.49140625 0.0171875 0.03125
4 0.26171875 0.49140625 0.01875 0.0328125
8 0.28125 0.49296875 0.015625 0.0328125
6 0.3 0.49375 0.01875 0.0328125
36 0.509375 0.27265625 0.071875 0.025
22 0.48046875 0.27421875 0.009375 0.0171875
28 0.4890625 0.27421875 0.009375 0.015625
27 0.4984375 0.27421875 0.009375 0.015625
0 0.50546875 0.2734375 0.003125 0.003125
4 0.5109375 0.27265625 0.009375 0.015625
4 0.5203125 0.27265625 0.009375 0.015625
3 0.53046875 0.27265625 0.009375 0.015625
4 0.53984375 0.27265625 0.009375 0.015625
36 0.6354962546875 0.5209804874999999 0.6540073296875 0.5762970875 0.8001250765625001 0.5537396875 0.781248609375 0.49638442656250004 0.6354962546875 0.5209804874999999
9 0.7634600234375 0.5199949578124999 0.7741226828125 0.54952183125 0.794111425 0.545651240625 0.7848693140624999 0.5166217843750001 0.7634600234375 0.5199949578124999
1 0.7410230515625 0.5229114953125 0.7521995421875001 0.5550051875 0.770683746875 0.54984438125 0.7618715109374999 0.51936345625 0.7410230515625 0.5229114953125
5 0.716166990625 0.5264440078125 0.7285569515625 0.5574243078125 0.747900890625 0.55129585625 0.7354347890625 0.52194385 0.716166990625 0.5264440078125
0 0.71640625 0.54375 0.009375 0.00625
21 0.7049143609375 0.52710464375 0.6870749453125 0.5314590625 0.6868775546875 0.5310792625 0.695887196875 0.5624238109374999 0.7165207265625 0.55903705625 0.7049143609375 0.52710464375
14 0.662156196875 0.5328930578125 0.6720296593749999 0.5646816718750001 0.69266320625 0.5611336140625001 0.6847106890625 0.5292012140625 0.662156196875 0.5328930578125
20 0.64258389375 0.5358134765625 0.6505363953125001 0.56677823125 0.6705251375 0.5635527359375 0.6606382390625 0.5329105328125 0.64258389375 0.5358134765625
36 0.79609375 0.27734375 0.078125 0.028125
6 0.82890625 0.278125 0.009375 0.015625
1 0.81875 0.27734375 0.009375 0.015625
1 0.8078125 0.27734375 0.009375 0.015625
2 0.79765625 0.27734375 0.0046875 0.015625
0 0.790625 0.278125 0.0046875 0.003125
32 0.78359375 0.278125 0.009375 0.015625
21 0.7734375 0.27734375 0.009375 0.015625
23 0.76328125 0.278125 0.009375 0.015625
22 0.877994815625 0.1822765703125 0.8751466046875 0.1901086796875 0.8812684890625 0.1898461890625 0.8837172453125 0.18188402343750001 0.877994815625 0.1822765703125
28 0.8723480312499999 0.182977728125 0.87019079375 0.1912898796875 0.8736307109375 0.1909836421875 0.8773038421875 0.18267149062500002 0.8723480312499999 0.182977728125
14 0.8669152812500001 0.1832059390625 0.8636607859375 0.19155236874999998 0.8692579359374999 0.191639865625 0.8717066875 0.183065225 0.8669152812500001 0.1832059390625
0 0.8629062390625 0.18703275156250002 0.8626696203125 0.188664990625 0.8641272125 0.1887524859375 0.8648851609375001 0.1869150640625 0.8629062390625 0.18703275156250002
3 0.8583140625000001 0.1846819953125 0.855614878125 0.1924710796875 0.8614452437500001 0.1924710796875 0.8636607859375 0.184071434375 0.8583140625000001 0.1846819953125
4 0.8532845375000001 0.1851740140625 0.8506007640625001 0.1930835546875 0.8554399671875 0.1929085609375 0.85823854375 0.18472765625 0.8532845375000001 0.1851740140625