36 0.52244201875 0.5048956375 0.48375981875 0.3128431328125 0.413932875 0.3392973015625 0.4544603609375 0.52929950625 0.52244201875 0.5048956375
22 0.4676539046875 0.3223992140625 0.4221530953125 0.3367621265625 0.4304187703125 0.36500348437499996 0.47329693749999996 0.353982446875 0.4676539046875 0.3223992140625
19 0.4810460109375 0.37740214375000003 0.47329693749999996 0.358804153125 0.4728837453125 0.3564900265625 0.4283523609375 0.36569227187500003 0.43610141562500004 0.3925560515625 0.4810460109375 0.37740214375000003
25 0.4775324921875 0.3789589703125 0.4355847953125 0.39117842812500003 0.443850471875 0.4173533734375 0.48621205312500004 0.402888253125 0.4775324921875 0.3789589703125
0 0.46791665625 0.4089066328125 0.45639970625000004 0.4126293578125 0.4595407015625 0.42054009687500005 0.46826567812500003 0.4177480765625 0.46791665625 0.4089066328125
1 0.485695103125 0.41356086718749996 0.443486690625 0.42705480781249994 0.45081571093750006 0.450321734375 0.49269563125 0.43682695625 0.485695103125 0.41356086718749996
5 0.490798459375 0.43816166093750003 0.44976870468749997 0.4526484328125 0.458144684375 0.47219266718749997 0.4965346359375 0.4610245234375 0.490798459375 0.43816166093750003
8 0.495901815625 0.46171561250000004 0.4567486921875 0.47451936562499997 0.4623326859375 0.49452895156250004 0.5010716359375 0.4828955203125 0.495901815625 0.46171561250000004
9 0.49967561875 0.48754885468750003 0.46303069375000006 0.49685565 0.468963675 0.518261165625 0.504561628125 0.506162446875 0.49967561875 0.48754885468750003
36 0.8774810328125 0.3114924765625 0.8751316609374999 0.24688888437499998 0.849958225 0.2524886125 0.8521168796874999 0.31892791875 0.8774810328125 0.3114924765625
36 0.869668390625 0.385831328125 0.8434822843750001 0.3896845640625 0.8460006999999999 0.4470094890625 0.8729838421875 0.44173269218750005 0.869668390625 0.385831328125
2 0.8712871375000001 0.3043543984375 0.856614071875 0.3090939390625 0.856434190625 0.3162895203125 0.8726240671875001 0.30933379843750003 0.8712871375000001 0.3043543984375