36 0.39765625 0.14765625 0.046875 0.16875
36 0.4875 0.41484375 0.046875 0.1390625
36 0.53203125 0.8234375 0.046875 0.1046875
22 0.5296875 0.8640625 0.021875 0.015625
16 0.5296875 0.84921875 0.021875 0.0140625
14 0.52890625 0.8359375 0.021875 0.0140625
0 0.528125 0.82578125 0.0046875 0.00625
7 0.528125 0.8140625 0.021875 0.015625
5 0.5265625 0.79921875 0.021875 0.015625
5 0.52578125 0.78359375 0.021875 0.015625
20 0.48515625 0.4671875 0.028125 0.01875
17 0.484375 0.44921875 0.0265625 0.01875
20 0.48359375 0.4296875 0.0265625 0.0203125
0 0.48359375 0.41640625 0.00625 0.00625
6 0.4828125 0.403125 0.028125 0.0203125
7 0.48203125 0.3828125 0.028125 0.01875
7 0.48125 0.36328125 0.028125 0.01875
2 0.40234375 0.20625 0.03125 0.0125
3 0.3984375 0.18828125 0.03125 0.021875
7 0.396875 0.16796875 0.03125 0.01875
1 0.3953125 0.1484375 0.028125 0.0203125
0 0.39453125 0.13515625 0.0046875 0.0046875
24 0.406999509375 0.11060153125000001 0.37799671875 0.1139560640625 0.3800587578125 0.1341812265625 0.40810246718750004 0.1302460109375 0.406999509375 0.11060153125000001
22 0.40528434999999996 0.0905278296875 0.3756055609375 0.09345635625 0.3779425375 0.11377303125 0.4064508046875 0.10983782187499999 0.40528434999999996 0.0905278296875
14 0.4039151875 0.0706660015625 0.37441659375 0.0741932015625 0.375848565625 0.09240118124999999 0.406121703125 0.089445959375 0.4039151875 0.0706660015625