36 0.5296300140625 0.5919780234375 0.51602108125 0.43042050937500004 0.44972794218749995 0.4358034203125 0.466490609375 0.59941488125 0.5296300140625 0.5919780234375
3 0.50706379375 0.5688375625 0.4692221859375 0.5750159078125 0.4733214890625 0.5970882140625 0.5085383265625001 0.5946081890625 0.50706379375 0.5688375625
2 0.5042718765624999 0.552086059375 0.46940852499999997 0.5566636828125 0.46959484375000005 0.5690638609375 0.5072339984374999 0.5653438109375 0.5042718765624999 0.552086059375
5 0.5018289499999999 0.520909653125 0.463445884375 0.527151246875 0.46735886875 0.551703634375 0.5053706765625 0.546247528125 0.5018289499999999 0.520909653125
0 0.48786936406250003 0.512533903125 0.47704814375 0.5132630703125 0.4774208125 0.5244232515625 0.4880417578125 0.5236791953125 0.48786936406250003 0.512533903125
13 0.4976410734375 0.48368409375 0.45990556875 0.4892067390625 0.46456388281249994 0.5130150703125 0.5029483546875 0.5078069937499999 0.4976410734375 0.48368409375
31 0.49519814687499997 0.458091521875 0.45897391093750006 0.46515040937499996 0.46158255625000005 0.48895874062500005 0.49922170625 0.4832546640625 0.49519814687499997 0.458091521875
12 0.49170825 0.43296426875 0.455619915625 0.43588601562499996 0.45748323125 0.46267035625 0.4949360578125 0.4577103078125 0.49170825 0.43296426875
36 0.7589207515624999 0.7870586734375 0.7288729843749999 0.7885368984375 0.729469640625 0.8596108984375 0.7619869734375 0.8580226765625 0.7589207515624999 0.7870586734375
1 0.7517236031250001 0.8477859875 0.7350758125 0.8478178468750001 0.7354737546875 0.8560273578125001 0.75268455625 0.8554976921874999 0.7517236031250001 0.8477859875
1 0.74375 0.834375 0.0171875 0.009375
4 0.74375 0.84296875 0.0171875 0.0078125
3 0.74296875 0.82421875 0.01875 0.009375
0 0.74296875 0.81796875 0.003125 0.003125
34 0.74296875 0.81171875 0.015625 0.009375
12 0.74296875 0.80234375 0.015625 0.009375
23 0.74296875 0.79296875 0.0171875 0.009375
3 0.7961667203125 0.5428329203125 0.796082071875 0.532399528125 0.7954795953125 0.532399528125 0.776973540625 0.5337831359375 0.778006365625 0.5461549953125 0.7961667203125 0.5428329203125
3 0.7956503125000001 0.5564648765625 0.776973540625 0.5564648765625 0.7778342234375 0.56883674375 0.7964249234375 0.56666020625 0.7956503125000001 0.5564648765625
9 0.777189421875 0.5457844390625 0.7772754921875 0.5564379781250001 0.7965547374999999 0.554490559375 0.796124396875 0.5428060218749999 0.777189421875 0.5457844390625
0 0.7875 0.56953125 0.00625 0.003125
20 0.7875 0.578125 0.0171875 0.0125
17 0.7875 0.5890625 0.0171875 0.0125