36 0.2328125 0.52109375 0.1875 0.06875
36 0.71328125 0.48046875 0.159375 0.0625
1 0.1578125 0.52890625 0.025 0.0375
4 0.1875 0.528125 0.028125 0.040625
2 0.215625 0.528125 0.021875 0.0375
0 0.23359375 0.52734375 0.0140625 0.009375
17 0.25390625 0.52734375 0.028125 0.04375
29 0.28203125 0.52421875 0.028125 0.0375
15 0.309375 0.5234375 0.028125 0.0359375
10 0.77265625 0.4828125 0.015625 0.0375
30 0.7515625 0.48125 0.01875 0.034375
22 0.73203125 0.48359375 0.021875 0.0359375
0 0.715625 0.484375 0.009375 0.009375
9 0.6984375 0.4859375 0.021875 0.0375
6 0.67734375 0.48671875 0.021875 0.034375
2 0.653125 0.4875 0.01875 0.0359375
5 0.6265625 0.2640625 0.009375 0.015625
9 0.63671875 0.2640625 0.009375 0.015625
2 0.64609375 0.26328125 0.00625 0.015625