36 0.48280446875000005 0.1520963421875 0.435314071875 0.170093178125 0.4594035890625 0.2966421640625 0.5040138109375001 0.276937884375 0.48280446875000005 0.1520963421875
22 0.4727701875 0.1584673140625 0.44563815 0.1682246734375 0.450226628125 0.18538097343749999 0.47597310156250006 0.1753589859375 0.4727701875 0.1584673140625
20 0.47722986718750005 0.1767307671875 0.4495893390625 0.1852111125 0.453413078125 0.2025372875 0.47890463437499997 0.193194746875 0.47722986718750005 0.1767307671875
15 0.47882261093749995 0.194144759375 0.4536679890625 0.2030468734375 0.45557985624999997 0.2145976578125 0.4817087015625 0.21018118593750001 0.47882261093749995 0.194144759375
0 0.4703125 0.21796875 0.00625 0.00625
4 0.4824817921875 0.2186314015625 0.4583631140625 0.22729122968749998 0.462496696875 0.24177752031250002 0.4846190234375 0.231473890625 0.4824817921875 0.2186314015625
8 0.4843949109375 0.23533931875 0.4619608640625 0.24289970468750002 0.4644869421875 0.257896075 0.48714510312500003 0.24932672500000003 0.4843949109375 0.23533931875
1 0.48726459218749996 0.2503892 0.464716578125 0.2611605890625 0.4677019515625 0.274116653125 0.49020701562499996 0.2649352 0.48726459218749996 0.2503892
3 0.49020701562499996 0.2670775296875 0.46647718437499996 0.27544285 0.4702280296875 0.289317053125 0.49204416406249996 0.2799315703125 0.49020701562499996 0.2670775296875
22 0.6408436015625 0.23230706250000002 0.6401227078125 0.224332953125 0.639916209375 0.22415302812500001 0.6276513359375 0.22846411562500002 0.6285884890625 0.2372068234375 0.6408436015625 0.23230706250000002
28 0.6408436015625 0.2322109890625 0.6287326703125 0.23864792812500002 0.6306069796875 0.24220265156249998 0.64170866875 0.23951258593750002 0.6408436015625 0.2322109890625
36 0.54695775625 0.4554956578125 0.5095895359375 0.47065970312500005 0.5222806546875 0.5498066234375 0.556937159375 0.5383140656250001 0.54695775625 0.4554956578125
23 0.5387975468749999 0.462260296875 0.51820095 0.46980090781249995 0.5204286640625 0.479202425 0.5401068109375 0.47257188437500003 0.5387975468749999 0.462260296875
21 0.54018945 0.47252944843750005 0.520057378125 0.479202425 0.521542521875 0.4903852859375 0.5408493828125 0.4816765078125 0.54018945 0.47252944843750005
12 0.5409317984374999 0.48366467343749997 0.521542521875 0.4911769875 0.5236217187500001 0.500677475 0.5425573 0.49384900312499996 0.5409317984374999 0.48366467343749997
0 0.53508580625 0.49727439218749997 0.530824665625 0.49889613125 0.5316414953125 0.502755703125 0.5352058328125 0.5007764375 0.53508580625 0.49727439218749997
5 0.5436228125 0.49776929062499997 0.5240672609375 0.5049328937500001 0.5255524046875 0.5153240453125 0.544487984375 0.50829765 0.5436228125 0.49776929062499997
4 0.544643540625 0.5086570671875 0.5254781484375 0.5160167859375 0.52740883125 0.5252203796875 0.545973128125 0.5181939921875001 0.544643540625 0.5086570671875
8 0.5457570625 0.519792290625 0.526666259375 0.5271006921875 0.5283741796875 0.5355125765625 0.5477553015625001 0.5293768375 0.5457570625 0.519792290625
6 0.547334553125 0.533773184375 0.528745465625 0.5354136078125 0.53008209375 0.54620060625 0.5483493578124999 0.539372140625 0.547334553125 0.533773184375
36 0.5714550015625 0.732085146875 0.5478362578125 0.67609733125 0.517697478125 0.6959126953125 0.5438177546875 0.75071735625 0.5714550015625 0.732085146875
20 0.5386685296875 0.6837639125 0.5227516890625 0.693081575 0.527139978125 0.702795728125 0.542461796875 0.692090334375 0.5386685296875 0.6837639125
14 0.531156378125 0.71171689375 0.5469988390625 0.701407990625 0.5416866828125 0.6938367859375 0.5266937125 0.7032913484375001 0.531156378125 0.71171689375
21 0.5464135546875 0.70231140625 0.5307101125 0.711915146875 0.5350983953124999 0.721133678125 0.5483376390625 0.7055712046875 0.5464135546875 0.70231140625
0 0.5426488046875 0.7142097484375001 0.54058835625 0.7172596890625 0.5428108171875 0.7200928156249999 0.5450815921875 0.7167445796874999 0.5426488046875 0.7142097484375001
5 0.5511616515625 0.7144512484375001 0.5360951171874999 0.7241493203125 0.5407816125 0.7312965140625 0.5547927796875001 0.7205435375 0.5511616515625 0.7144512484375001
1 0.5543615156249999 0.7233867187499999 0.540540040625 0.7332925796875001 0.5448883343750001 0.7397958734375 0.5582231015625 0.730073125 0.5543615156249999 0.7233867187499999
9 0.5575613796875001 0.7313561921875 0.544018675 0.7417275453125 0.548270340625 0.7473293953125 0.56141185 0.73792859375 0.5575613796875001 0.7313561921875
36 0.6096684531250001 0.8806007875 0.5804561765625 0.8918379390625001 0.5899564390625 0.9302901734375 0.6183399281249999 0.9196610953125001 0.6096684531250001 0.8806007875
22 0.6026463046874999 0.8837749890625 0.5871440703124999 0.8905938828125001 0.5894685734375 0.8975406843749999 0.6046835359375 0.8904061343749999 0.6026463046874999 0.8837749890625