36 0.44719431875 0.144375196875 0.438478778125 0.06207149375 0.409934415625 0.07116470625 0.41928255156249994 0.1547865375 0.44719431875 0.144375196875
6 0.43001870468750003 0.066495496875 0.4147745453125 0.0696767109375 0.41676023906250004 0.082737875 0.4310324234375 0.0774472640625 0.43001870468750003 0.066495496875
1 0.431375175 0.079155890625 0.415395078125 0.0833991671875 0.41775309062500005 0.09761764218749999 0.43314221875000003 0.0915003875 0.431375175 0.079155890625
7 0.43361421250000004 0.0912337796875 0.41755758906249996 0.0982726484375 0.4179551609375 0.10648189062499999 0.43531558906249995 0.10453991562500001 0.43361421250000004 0.0912337796875
0 0.42734375 0.10859375 0.003125 0.00625
20 0.43783351093749995 0.12042878125 0.43617698593750004 0.109394846875 0.4360972890625 0.10875326874999999 0.419545425 0.1136318828125 0.42212961406250005 0.1248423546875 0.43783351093749995 0.12042878125
34 0.43785613593750006 0.12075480937500001 0.42265970468749997 0.1251954390625 0.422991009375 0.137288646875 0.4398213453125 0.13243371406249999 0.43785613593750006 0.12075480937500001
14 0.4395115203125 0.1335840421875 0.4233223171875 0.13755345000000002 0.42504510624999997 0.1502645375 0.44081526406249993 0.144968246875 0.4395115203125 0.1335840421875
36 0.4941876640625 0.286320103125 0.46728525000000004 0.2966185859375 0.47532505 0.3628035125 0.5002690546874999 0.354564721875 0.4941876640625 0.286320103125
9 0.48629414843749996 0.29173233593750003 0.47150033125 0.295271678125 0.472473303125 0.3056410078125 0.4871250921875 0.30144752656249996 0.48629414843749996 0.29173233593750003
6 0.48729679062500003 0.301905 0.472530534375 0.306098475 0.4736752078125 0.315552871875 0.4881552953125 0.3117406171875 0.48729679062500003 0.301905
6 0.4888857515625 0.312703471875 0.4730456375 0.3166203125 0.47487710625 0.32615095 0.4892427296875 0.3217287203125 0.4888857515625 0.312703471875
0 0.48203125 0.3265625 0.003125 0.003125
20 0.4895113109375 0.32616789375 0.474169271875 0.3310960765625 0.47577181093750004 0.3413891609375 0.49053806718750004 0.33559453125 0.4895113109375 0.32616789375
29 0.49094116093749995 0.3366534625 0.47582904531250003 0.3406267140625 0.47748881875000004 0.350081103125 0.4914538046875 0.34596386875 0.49094116093749995 0.3366534625
22 0.4919241828125 0.346185796875 0.4762869109375 0.3516822515625 0.47846178906250003 0.360602928125 0.4935142109375 0.35526577187499997 0.4919241828125 0.346185796875
36 0.5051700546875 0.4805425859375 0.48171141874999995 0.4900002578125 0.48838659843750004 0.5464938359375 0.5126332109375 0.536685921875 0.5051700546875 0.4805425859375
7 0.498732465625 0.4842212078125 0.485343496875 0.4900002578125 0.4864233109375 0.4964081046875 0.49996999999999997 0.49392341406250007 0.498732465625 0.4842212078125
5 0.4996521203125 0.493213396875 0.4860306546875 0.4983696828125 0.4874049546875 0.50713140625 0.50036265625 0.5012466609375 0.4996521203125 0.493213396875
2 0.5004185 0.5032274265625001 0.487110459375 0.5101391734375 0.487110459375 0.5124930640625001 0.5016387953125 0.5076544953125001 0.5004185 0.5032274265625001
0 0.4953125 0.5140625 0.003125 0.003125
12 0.5012890078125001 0.5142306421875 0.4888012296875 0.519727709375 0.48972190781249997 0.5266994140625 0.5023691109375 0.5217933984375 0.5012890078125001 0.5142306421875
20 0.5027265734374999 0.5224020656249999 0.4893342515625 0.527474046875 0.49098178125 0.535026728125 0.503386703125 0.53050803125 0.5027265734374999 0.5224020656249999
16 0.503634509375 0.5310778968750001 0.49069104062499996 0.5352849390625 0.49161171875000004 0.5435477 0.504646578125 0.5382543703125 0.503634509375 0.5310778968750001
36 0.5233064515625 0.6057303984375 0.5001691640625 0.6154721421875 0.5070500234375 0.6742152156250001 0.5296308562500001 0.665629690625 0.5233064515625 0.6057303984375
10 0.5178588375000001 0.61107713125 0.5041910765625001 0.6141165359375 0.50593551875 0.6228957203125 0.51838889375 0.6164404390625 0.5178588375000001 0.61107713125
15 0.5178558718749999 0.6178606015625 0.5053540359375 0.623283034375 0.5079707 0.6275435265625 0.5193580296875 0.6256714875 0.5178558718749999 0.6178606015625
10 0.5196003124999999 0.6282536046875 0.5063716281249999 0.630190184375 0.508842921875 0.6391630296875 0.5201333390625 0.6322558796875 0.5196003124999999 0.6282536046875
0 0.5140625 0.6375 0.003125 0.003125
8 0.519794140625 0.637742865625 0.5078737859375 0.6425197796875 0.5094244015625 0.649685140625 0.5205209921875 0.6449082328125 0.519794140625 0.637742865625
8 0.52061790625 0.645489203125 0.5098605093749999 0.650524328125 0.5100058828125 0.6571087140625 0.5216839531249999 0.6523963609375001 0.52061790625 0.645489203125
5 0.5223228546875001 0.652438653125 0.5093274890624999 0.658916196875 0.5114111265625 0.6641449781250001 0.522992284375 0.6591098546875 0.5223228546875001 0.652438653125
7 0.522556175 0.6598844875000001 0.510296621875 0.6648550515625 0.5108296453125 0.668340909375 0.52333148125 0.6671789578125 0.522556175 0.6598844875000001
36 0.5358766140625 0.7614495953125 0.5161298546875 0.7723689125 0.5218897984375 0.8119271265625001 0.54129465 0.8025404296875 0.5358766140625 0.7614495953125
7 0.5198206921875 0.7769877609375 0.5307254375 0.7728159078125 0.5299425328125 0.7665581031250001 0.51870225625 0.7732628828125 0.5193733171875 0.7769877609375 0.5198206921875 0.7769877609375
5 0.5307254375 0.773188390625 0.5197088437499999 0.7778817375 0.5211628140625 0.784139528125 0.5320675593749999 0.7792971890625 0.5307254375 0.773188390625
6 0.53151074375 0.7799608828125 0.52082728125 0.785107996875 0.5216101875 0.7900248359375001 0.531843871875 0.7862254656250001 0.53151074375 0.7799608828125
0 0.52734375 0.7890625 0.003125 0.003125
12 0.532250065625 0.788885984375 0.5217762515625 0.7934259953125 0.5234183906250001 0.798994475 0.5335100875000001 0.793982840625 0.532250065625 0.788885984375
16 0.5336892296875 0.7946192421875 0.52279139375 0.7995911 0.5238065328125 0.805199359375 0.53437594375 0.8000286265625001 0.5336892296875 0.7946192421875
16 0.5344878 0.7998881796874999 0.523925959375 0.805477778125 0.5244036765625 0.8107280625 0.5348238000000001 0.8055573296875 0.5344878 0.7998881796874999
36 0.5766130859375 0.9291815765625 0.5734743890625 0.8952138906249999 0.5545043187500001 0.90706865 0.558777753125 0.9395520171875 0.5766130859375 0.9291815765625
8 0.5710953015625 0.9280991296875 0.5613920890624999 0.9332562734375 0.562749534375 0.9368060140625 0.5723019171875 0.931514896875 0.5710953015625 0.9280991296875
5 0.5714344828125 0.92332013125 0.560839059375 0.9295056140625 0.5613920890624999 0.9325865109375 0.5715477812499999 0.9276972640625001 0.5714344828125 0.92332013125
6 0.5708941984375 0.9201289734375001 0.5603865765625 0.9244824125 0.561492640625 0.9285679531250001 0.5713969546875 0.9235447515624999 0.5708941984375 0.9201289734375001
5 0.5704417171875 0.9144360140625001 0.5599340921875 0.9197271265625 0.5609396046875 0.9234777734374999 0.5713969546875 0.91852155 0.5704417171875 0.9144360140625001
0 0.56611800625 0.9148378671874999 0.5642075296875 0.915775534375 0.5646097375 0.918119690625 0.56611800625 0.916780171875 0.56611800625 0.9148378671874999
23 0.5699938609374999 0.9079954015625 0.5596625515625 0.913610109375 0.5608199890625001 0.9182975078125001 0.5704035703125 0.9124382546875 0.5699938609374999 0.9079954015625
20 0.5691263828124999 0.9034652359375 0.5591995765625 0.9088610265625 0.5598940406249999 0.91354843125 0.5700794890624999 0.9076891781249999 0.5691263828124999 0.9034652359375
23 0.5688372234375 0.898838684375 0.5584588171875 0.904728709375 0.5593384703125001 0.9092310875 0.5692461328125 0.9036185390625 0.5688372234375 0.898838684375
22 0.5469752078125001 0.150249303125 0.536505059375 0.1538627921875 0.538566534375 0.15935529843750001 0.54854844375 0.15675358125 0.5469752078125001 0.150249303125
29 0.561605415625 0.43200560625 0.5540528765625 0.4342891578125 0.5551199265625 0.4396502203125 0.563077053125 0.437335215625 0.561605415625 0.43200560625