36 0.90703125 0.5078125 0.1640625 0.06875
36 0.48828125 0.53046875 0.2203125 0.071875
4 0.40859375 0.540625 0.034375 0.0453125
8 0.44140625 0.5359375 0.028125 0.040625
2 0.46953125 0.534375 0.025 0.0421875
0 0.4890625 0.53125 0.009375 0.0125
23 0.509375 0.53046875 0.0296875 0.0375
10 0.53828125 0.5265625 0.028125 0.0390625
25 0.56640625 0.525 0.0328125 0.040625
3 0.85234375 0.51796875 0.021875 0.0359375
1 0.875 0.515625 0.021875 0.034375
2 0.89609375 0.51484375 0.015625 0.034375
0 0.9109375 0.5140625 0.009375 0.0078125
24 0.925 0.5125 0.01875 0.034375
28 0.94609375 0.51015625 0.01875 0.034375
20 0.96640625 0.509375 0.0203125 0.034375
23 0.47890625 0.2140625 0.0125 0.01875
20 0.4890625 0.21484375 0.009375 0.01875
34 0.5 0.215625 0.0125 0.01875
0 0.5078125 0.21484375 0.003125 0.003125
5 0.5140625 0.21484375 0.0109375 0.01875
7 0.5234375 0.21484375 0.009375 0.01875
6 0.53515625 0.2140625 0.009375 0.0203125