36 0.259375 0.5109375 0.190625 0.06875
6 0.1859375 0.51953125 0.03125 0.0421875
5 0.2125 0.51796875 0.028125 0.040625
9 0.2421875 0.51796875 0.03125 0.0375
0 0.26171875 0.51484375 0.0125 0.0109375
13 0.28125 0.515625 0.0296875 0.0375
24 0.3078125 0.51328125 0.028125 0.0359375
30 0.33515625 0.51171875 0.0265625 0.040625
36 0.790625 0.634375 0.1796875 0.065625
5 0.86640625 0.62578125 0.025 0.040625
7 0.840625 0.62890625 0.025 0.040625
9 0.81796875 0.63125 0.021875 0.0390625
8 0.79296875 0.6328125 0.025 0.040625
0 0.778125 0.63515625 0.009375 0.009375
30 0.76171875 0.63671875 0.025 0.040625
26 0.73828125 0.6390625 0.0265625 0.0375
22 0.71171875 0.6390625 0.0234375 0.0359375