13 0.59296875 0.52421875 0.171875 0.071875
7 0.65390625 0.53359375 0.0265625 0.0359375
8 0.63125 0.53203125 0.021875 0.034375
1 0.609375 0.53046875 0.0203125 0.034375
3 0.5875 0.52890625 0.0203125 0.0375
0 0.57421875 0.52734375 0.009375 0.0078125
23 0.559375 0.52578125 0.01875 0.0375
32 0.5390625 0.52421875 0.0171875 0.0359375
22 0.51953125 0.521875 0.015625 0.034375
20 0.0568512609375 0.43016390781249997 0.0491146703125 0.46527607812499994 0.068178978125 0.4685470890625 0.0779834765625 0.43433778749999996 0.0568512609375 0.43016390781249997
32 0.040677764062499996 0.42952548124999995 0.0320475875 0.4605058578125 0.04820684375 0.46527607812499994 0.05674039374999999 0.43106678125000003 0.040677764062499996 0.42952548124999995
16 0.019964340625 0.426546153125 0.013164848437500001 0.4570985578125 0.031684449999999996 0.461051025 0.040399551562500004 0.42929498749999995 0.019964340625 0.426546153125
0 0.0092795890625 0.43682286875000004 0.007685182812499999 0.44461815156249995 0.015283307812499999 0.44572481249999996 0.0175514015625 0.43806332968749995 0.0092795890625 0.43682286875000004
23 0.052813225 0.18496675625 0.048932085937499994 0.19799418124999998 0.057069279687499995 0.199601603125 0.060189559375 0.1858696265625 0.052813225 0.18496675625
15 0.0678372984375 0.186374815625 0.0606790140625 0.1858696265625 0.0606535546875 0.1859707015625 0.0568857359375 0.20047420312500003 0.06514529062499999 0.197029728125 0.0678372984375 0.186374815625
7 0.252735015625 0.22148550937499997 0.2506939328125 0.2370942296875 0.2565620375 0.2372857484375 0.2616647546875 0.22244309843750001 0.252735015625 0.22148550937499997
6 0.26302775624999997 0.2225397078125 0.2571867109375 0.23638357187499998 0.26649915 0.23801147500000003 0.26968834375 0.2247009734375 0.26302775624999997 0.2225397078125
9 0.2702047203125 0.223287309375 0.2663715796875 0.238586034375 0.27606673125 0.238586034375 0.2784905125 0.22537128437499998 0.2702047203125 0.223287309375
0 0.278125 0.23203125 0.003125 0.003125
36 0.4901906484375 0.23743012343749997 0.4838242484375 0.266064096875 0.551870040625 0.2729440890625 0.5588134890625 0.24333927968750002 0.4901906484375 0.23743012343749997
12 0.544081378125 0.2527107125 0.541917921875 0.26768128281250003 0.5510687125 0.2682597296875 0.5547290296875 0.2530754875 0.544081378125 0.2527107125
25 0.53489885 0.2500011140625 0.5311296203125 0.2657290234375 0.540858359375 0.267319753125 0.5444223609375001 0.25300318125 0.53489885 0.2500011140625
24 0.5242109890625 0.24932371406249998 0.5209192687499999 0.265222884375 0.5297810796875 0.266162859375 0.5343083171874999 0.25011094375 0.5242109890625 0.24932371406249998
0 0.51953125 0.25703125 0.003125 0.003125
5 0.5093603671875 0.24880943906250003 0.5060853546875 0.2645721296875 0.5150434921875 0.2657290234375 0.518511165625 0.24931558125 0.5093603671875 0.24880943906250003
1 0.499071934375 0.24785601562499998 0.4960676453125 0.2642105984375 0.5052184359375 0.2644998265625 0.50926405 0.2498217203125 0.499071934375 0.24785601562499998
2 0.49144408281249996 0.24765254374999998 0.48836171874999995 0.2635598453125 0.49452645312500004 0.2635598453125 0.4966455859375 0.24786946250000003 0.49144408281249996 0.24765254374999998
36 0.81396955 0.2868569515625 0.805988178125 0.316348971875 0.888820190625 0.3264416390625 0.8962630765625 0.296524090625 0.81396955 0.2868569515625
3 0.8928012859375001 0.30208925937500003 0.88197525625 0.3014049109375 0.881972996875 0.3011116875 0.8782146359375 0.317743628125 0.8892685765625 0.3188556796875 0.8928012859375001 0.30208925937500003
5 0.8714656015625 0.29977600312499997 0.867160684375 0.3163749375 0.8791263015625 0.3176580828125 0.8824310890625 0.300036225 0.8714656015625 0.29977600312499997
4 0.8613143890625 0.2981731796875 0.857132359375 0.31569059374999997 0.8662490203125 0.3162038546875 0.871035265625 0.30054948125 0.8613143890625 0.2981731796875
3 0.8499165359375 0.2981731796875 0.845280703125 0.3136375671875 0.855536940625 0.31526287656249996 0.8598673546875 0.29841090625 0.8499165359375 0.2981731796875
0 0.8443957 0.30364949218750004 0.8434573734375 0.3070507484375 0.8466482015624999 0.307991721875 0.8481296593750001 0.3050832671875 0.8443957 0.30364949218750004
17 0.8359734015625 0.295972615625 0.8306435921875 0.312809446875 0.8406369828125 0.314198628125 0.8458187390624999 0.2976951953125 0.8359734015625 0.295972615625
26 0.8254618375 0.2945278703125 0.8199839828125001 0.3116425375 0.8293111390625001 0.3123649109375 0.8349370468749999 0.29575034843750003 0.8254618375 0.2945278703125
14 0.814809784375 0.29389958125 0.80976851875 0.3111980046875 0.8192437281249999 0.3117536765625 0.82375925625 0.2953058109375 0.814809784375 0.29389958125