36 0.70234375 0.53671875 0.128125 0.0484375
36 0.3890625 0.496875 0.121875 0.046875
6 0.0171875 0.50625 0.015625 0.025
7 0.0328125 0.50546875 0.0140625 0.025
7 0.0484375 0.50625 0.015625 0.025
22 0.340625 0.4984375 0.01875 0.021875
13 0.35625 0.49765625 0.0140625 0.025
32 0.37109375 0.496875 0.0171875 0.025
0 0.38203125 0.49765625 0.00625 0.003125
9 0.390625 0.49609375 0.0140625 0.021875
6 0.40703125 0.49609375 0.0140625 0.0234375
3 0.421875 0.4953125 0.015625 0.0234375
7 0.4359375 0.49453125 0.015625 0.0234375
7 0.65078125 0.5421875 0.0171875 0.025
7 0.68828125 0.54140625 0.01875 0.025
8 0.6703125 0.5421875 0.01875 0.025
0 0.7 0.54140625 0.009375 0.00625
19 0.74921875 0.53984375 0.015625 0.025
21 0.719889546875 0.528300159375 0.7237878281250001 0.5538037640625 0.7409478546875 0.5522934234375 0.73545129375 0.5272217609375 0.719889546875 0.528300159375
11 0.702626734375 0.5285214765624999 0.70635966875 0.5537030749999999 0.7228493874999999 0.5520920453125 0.7186934421875 0.5274231406250001 0.702626734375 0.5285214765624999