12 0.378125 0.30234375 0.04375 0.028125
24 0.3765625 0.271875 0.04375 0.0265625
13 0.375 0.24375 0.040625 0.03125
0 0.37265625 0.22265625 0.015625 0.015625
5 0.3703125 0.20078125 0.0421875 0.03125
5 0.36953125 0.1703125 0.040625 0.03125
6 0.36640625 0.14140625 0.04375 0.0265625
36 0.3796875 0.22109375 0.0625 0.209375
36 0.49140625 0.69140625 0.05625 0.153125
11 0.48671875 0.75078125 0.0359375 0.021875
32 0.4875 0.7296875 0.034375 0.021875
22 0.48671875 0.7078125 0.0328125 0.01875
0 0.48515625 0.6921875 0.009375 0.0078125
5 0.48515625 0.67421875 0.034375 0.021875
8 0.48359375 0.653125 0.0328125 0.01875
1 0.4828125 0.63125 0.0328125 0.021875