36 0.4194691875 0.795964790625 0.4379253703125 0.6903730578125 0.400341871875 0.6756081125 0.3798722875 0.782989534375 0.4194691875 0.795964790625
36 0.4808779375 0.255925721875 0.49161607968750004 0.20626181406250002 0.4694686625 0.19820820781249998 0.45537485 0.24966180625 0.4808779375 0.255925721875
14 0.48668724843750005 0.20562749375 0.4718699734375 0.20169637968749998 0.47035800625 0.20734105625 0.485024084375 0.21187695624999997 0.48668724843750005 0.20562749375
25 0.484721690625 0.211776159375 0.47050920312500005 0.20794584375 0.4688460390625 0.21348972187499998 0.48419250312499995 0.217521634375 0.484721690625 0.211776159375
11 0.47567464531250003 0.22173542031250001 0.48262166406249996 0.22313258593750002 0.48373891249999995 0.2173200375 0.4691484328125 0.2139937109375 0.467031678125 0.2201423765625 0.47567464531250003 0.22173542031250001
0 0.47579107499999995 0.2219424078125 0.473501275 0.22158017968750002 0.47291912343750003 0.2230290921875 0.475597025 0.22421927187500001 0.47579107499999995 0.2219424078125
8 0.4812633078125 0.22551294375 0.4667094953125 0.2222011421875 0.464769096875 0.22768631250000002 0.48029316250000004 0.2314120890625 0.4812633078125 0.22551294375
5 0.480525915625 0.2314120890625 0.4644973171875 0.228359021875 0.4634494421875 0.23415467343750002 0.47893469843750003 0.23819093125 0.480525915625 0.2314120890625
1 0.47858540625 0.23756996875 0.46341063125000004 0.2346721421875 0.461858225 0.24103701093750002 0.47668370937500004 0.2450732671875 0.47858540625 0.23756996875
3 0.476994190625 0.24476278593749998 0.46147012343749994 0.24145098593749997 0.4601893875 0.249109525 0.47614036718749997 0.25148988125 0.476994190625 0.24476278593749998
36 0.4830729140625 0.48964155312499996 0.49366612187500003 0.42758034218749996 0.46659459375 0.4174508109375 0.4534333359375 0.4792266828125 0.4830729140625 0.48964155312499996
4 0.48499895156250006 0.4251549609375 0.46787861875000003 0.419590853125 0.465845578125 0.4282936890625 0.48328691875 0.43428580625 0.48499895156250006 0.4251549609375
8 0.48350092343749995 0.4347138140625 0.46702260156250003 0.42914970625000004 0.46413354531250006 0.437281865625 0.4822168984375 0.44270330312499995 0.48350092343749995 0.4347138140625
4 0.48200289375 0.443844659375 0.4640265421875 0.4377098734375 0.46188650156250005 0.4466980484375 0.47975585 0.4521194875 0.48200289375 0.443844659375
0 0.4727055328125 0.4504424734375 0.4693251015625 0.4492452375 0.4683215359375 0.45248481875 0.472230159375 0.4536820546875 0.4727055328125 0.4504424734375
14 0.47936075625 0.45663993124999996 0.46161349218750003 0.45093545312499994 0.4598704578125 0.460302065625 0.47777617968749997 0.46642909687499995 0.47936075625 0.45663993124999996
34 0.477670540625 0.46678122499999997 0.45934226406249995 0.46058376875 0.45807460312500003 0.47002080625 0.475980325 0.47621826250000004 0.477670540625 0.46678122499999997
10 0.475557771875 0.4769929453125 0.45818024062499996 0.4707250625 0.45617311093749996 0.4793169921875 0.47450138593749996 0.4854440234375 0.475557771875 0.4769929453125
3 0.41505061718749997 0.7778351125 0.39100544375 0.7688462625 0.38875823125000003 0.7835280499999999 0.41415173125000004 0.7925169000000001 0.41505061718749997 0.7778351125
3 0.416237596875 0.76242164375 0.3944785015625 0.7551686109375 0.391385296875 0.770243540625 0.41474432656250004 0.776643275 0.416237596875 0.76242164375
5 0.4195441265625 0.7480577953124999 0.3972517203125 0.7402358984374999 0.393945190625 0.753462015625 0.41751754375 0.7625638593749999 0.4195441265625 0.7480577953124999
1 0.4219973578125 0.733836165625 0.4005582484375 0.7264409171875 0.3969317328125 0.7383870875 0.4198641140625 0.7467778484375 0.4219973578125 0.733836165625
1 0.4145310015625 0.7251609703125 0.4094112140625 0.724307671875 0.408771240625 0.7284319453125 0.41293106875 0.7304229734375001 0.4145310015625 0.7251609703125
27 0.42487723906249997 0.7149213953125 0.4021581828125 0.7083794453125 0.40013160000000003 0.7194723171875 0.42253066875 0.7284319453125 0.42487723906249997 0.7149213953125
20 0.42733046874999997 0.6999886828124999 0.4055713734375 0.6943000296874999 0.40290481875 0.7069572828124999 0.42562387343749997 0.7130725828125 0.42733046874999997 0.6999886828124999
23 0.4295703765625 0.6881847296875 0.40770461874999997 0.6806472640625 0.4057846984375 0.692593434375 0.4279704421875 0.7006997640625 0.4295703765625 0.6881847296875