36 0.49453125 0.51328125 0.184375 0.06875
23 0.4171875 0.515625 0.025 0.040625
21 0.44296875 0.51640625 0.021875 0.0375
12 0.46640625 0.51328125 0.021875 0.040625
0 0.48203125 0.51484375 0.00625 0.0125
1 0.4984375 0.5140625 0.021875 0.0359375
4 0.521875 0.51328125 0.0234375 0.0375
2 0.546875 0.5125 0.0125 0.0375
9 0.5671875 0.51171875 0.0203125 0.034375
7 0.2265625 0.14140625 0.00625 0.0109375
3 0.2203125 0.1421875 0.00625 0.009375
5 0.2140625 0.1421875 0.00625 0.0109375
3 0.20625 0.1421875 0.00625 0.009375
0 0.20234375 0.14296875 0.003125 0.003125
17 0.196875 0.14296875 0.0078125 0.009375
10 0.190625 0.14296875 0.00625 0.009375