36 0.328125 0.52578125 0.159375 0.0625
25 0.39296875 0.53046875 0.021875 0.03125
34 0.36953125 0.53046875 0.025 0.03125
22 0.3453125 0.53046875 0.025 0.0328125
0 0.328125 0.53203125 0.0078125 0.0078125
1 0.31171875 0.5328125 0.025 0.0328125
4 0.28828125 0.5328125 0.021875 0.03125
4 0.2640625 0.5328125 0.021875 0.034375
36 0.6672035203125 0.496674059375 0.678444178125 0.555493065625 0.8213187328125 0.539512053125 0.8088948671875 0.4851322265625 0.6672035203125 0.496674059375
22 0.6723345187499999 0.5082551718749999 0.6791536984375 0.5428766359375 0.6981148140625 0.539800421875 0.6924777328125 0.506859325 0.6723345187499999 0.5082551718749999
25 0.6934771140625 0.5071339734375 0.6994813875 0.5396722484375001 0.7196382578125 0.53749326875 0.7117804859375 0.5064747984375 0.6934771140625 0.5071339734375
12 0.71248409375 0.5063331171875001 0.718784153125 0.5372369109374999 0.736207878125 0.5372369109374999 0.7295458609375001 0.5040394625 0.71248409375 0.5063331171875001
0 0.7375 0.52109375 0.00625 0.00625
9 0.7560230984375 0.5023731828125 0.7404784140625 0.505449390625 0.7396064124999999 0.5052119203125 0.742528259375 0.5367242171875 0.7608060890624999 0.5335198359375 0.7560230984375 0.5023731828125
1 0.7566913375000001 0.5028093515625 0.7638808703125 0.5348015859374999 0.7799380234375 0.532494421875 0.7732760187500001 0.501475953125 0.7566913375000001 0.5028093515625
8 0.7751540625 0.5020981453125 0.7815018359375 0.53291549375 0.797988475 0.5306782296875 0.7913236593749999 0.5003435671875 0.7751540625 0.5020981453125
4 0.7924766765625 0.50045359375 0.7992161984374999 0.5312704484374999 0.8143874140625 0.5290331828125 0.8090380343750001 0.497974703125 0.7924766765625 0.50045359375
36 0.9296875 0.471875 0.128125 0.05
1 0.98203125 0.471875 0.015625 0.028125
7 0.965625 0.471875 0.015625 0.028125
2 0.95234375 0.4734375 0.0109375 0.0296875
6 0.9359375 0.47265625 0.0140625 0.025
0 0.9234375 0.4734375 0.00625 0.0078125
12 0.9125 0.4734375 0.01875 0.0265625
22 0.8953125 0.4734375 0.01875 0.028125
22 0.87890625 0.4734375 0.015625 0.028125
15 0.64609375 0.3265625 0.009375 0.015625
2 0.0046875 0.56171875 0.009375 0.034375