36 0.469138409375 0.40366187187499997 0.368116640625 0.4156902640625 0.38331028125 0.45764502812499996 0.48097679531250004 0.44176762500000005 0.469138409375 0.40366187187499997
36 0.6224412109374999 0.4081111609375 0.6336451203125 0.45012880156249996 0.7486463718749999 0.43298122031249997 0.738922015625 0.3913824328125 0.6224412109374999 0.4081111609375
22 0.97074201875 0.358063153125 0.9781235078125 0.3751650453125 0.9871685640625 0.3720594953125 0.9787695859375001 0.3551730515625 0.97074201875 0.358063153125
32 0.9785635812500001 0.3550767375 0.98742699375 0.37322407812499997 0.9935001078125 0.369924428125 0.9853595578125001 0.35313503125 0.9785635812500001 0.3550767375
12 0.9861007234375 0.35358353125 0.994016965625 0.3715742515625 1 0.3687598453125 0.9907865843750001 0.351776353125 0.9861007234375 0.35358353125
3 0.7210903203125001 0.40283995937499995 0.7270669890625 0.4269409984375 0.7414256109374999 0.42441136718749994 0.7364621390625 0.4003133109375 0.7210903203125001 0.40283995937499995
2 0.7096141828125 0.4037602859375 0.7162443984375 0.42885565937500003 0.7229116546875 0.4276037796875 0.7168505109375001 0.40222475312499995 0.7096141828125 0.4037602859375
1 0.691269734375 0.40701225625 0.696394153125 0.43067657812500004 0.7104863109374999 0.42885565937500003 0.7051828125 0.40506993593749996 0.691269734375 0.40701225625
5 0.6744261953125 0.4096388484375 0.6817651812500001 0.43215270468750006 0.6950996828125 0.43078701875 0.690099240625 0.40722890781250004 0.6744261953125 0.4096388484375
0 0.6724249828125 0.4196449109375 0.6738923031249999 0.424282 0.67843815625 0.423257734375 0.6766198078125 0.41893305625000005 0.6724249828125 0.4196449109375
34 0.6540805328125 0.4125155921875 0.6601032015625 0.4363455703125 0.67525605 0.43406942812500005 0.669346440625 0.4100560875 0.6540805328125 0.4125155921875
11 0.639571740625 0.414266653125 0.645253409375 0.4377112578125 0.65934555625 0.435548921875 0.6538905359375 0.4127874625 0.639571740625 0.414266653125
22 0.62489618125 0.4171433953125 0.6314643078125 0.441125478125 0.6451018765625001 0.43805268281250004 0.6382830921875 0.414380765625 0.62489618125 0.4171433953125
5 0.45621171718750003 0.41342841718749995 0.46488249843749996 0.43651950937499995 0.47758336406249996 0.4338215734375 0.4692444125 0.41098548125 0.45621171718750003 0.41342841718749995
2 0.44759890156250004 0.41480505624999997 0.4561586796875 0.43883202499999996 0.46206008593750003 0.43709763749999997 0.45333626718750003 0.4140688359375 0.44759890156250004 0.41480505624999997
1 0.4438427 0.415032384375 0.43396425625 0.41734489999999996 0.4334795296875 0.41766422812500004 0.44076370625 0.4406627671875 0.45282310312499996 0.43835025156249996 0.4438427 0.415032384375
7 0.41879538437499997 0.41925265781250004 0.4272930953125 0.442878928125 0.43794129374999996 0.44075912187500005 0.43088526250000003 0.416766771875 0.41879538437499997 0.41925265781250004
0 0.4170297828125 0.42948560625 0.419210734375 0.4346887671875 0.42459897812499997 0.433532509375 0.422418025 0.4286184140625 0.4170297828125 0.42948560625
10 0.40354646406250005 0.4221118296875 0.40958887343750006 0.4468294734375 0.42382923124999994 0.443746121875 0.41138495624999993 0.4201391890625 0.40354646406250005 0.4221118296875
11 0.38759157499999997 0.42486510781250003 0.3962465625 0.4485638609375 0.409332290625 0.4466367640625 0.399838725 0.42110273749999994 0.38759157499999997 0.42486510781250003
23 0.37262504218750003 0.42698301250000004 0.38164761875000003 0.45080104218750006 0.3955030984375 0.44839217187499997 0.38729244375 0.4236289828125 0.37262504218750003 0.42698301250000004
1 0.07640251718749999 0.5448184140625 0.0899801125 0.5793226546875 0.11378739375 0.5745730828125 0.097233896875 0.5390909875000001 0.07640251718749999 0.5448184140625
1 0.09909623281249999 0.5385844125 0.11564734531250001 0.573315846875 0.13685070625 0.5677281140625 0.12345911093749999 0.5323857125 0.09909623281249999 0.5385844125
5 0.1238649109375 0.5333645671875 0.1394546203125 0.5680074984375 0.1623319328125 0.56186099375 0.1461504234375 0.5281949109374999 0.1238649109375 0.5333645671875
0 0.15416048437500002 0.5408872859375 0.15805406718749998 0.548031359375 0.166051821875 0.546494734375 0.1625179328125 0.538811603125 0.15416048437500002 0.5408872859375
24 0.16023804375 0.527229496875 0.1746550859375 0.558789471875 0.19401873281249998 0.5531632375 0.18073273125 0.5219535421875 0.16023804375 0.527229496875
29 0.18263796875 0.5223295125 0.1969388765625 0.5543246234375 0.2167265484375 0.5482737609375 0.20230981718750002 0.5166394484375 0.18263796875 0.5223295125
26 0.2048823390625 0.5176628609375 0.21785726875 0.54763683125 0.23891699531250002 0.5428598375 0.2235108890625 0.5127116968750001 0.2048823390625 0.5176628609375