36 0.41484375 0.4609375 0.0671875 0.2046875
1 0.42578125 0.5421875 0.04375 0.0265625
8 0.421875 0.51796875 0.0453125 0.028125
7 0.41875 0.490625 0.04375 0.021875
4 0.41796875 0.4671875 0.04375 0.025
0 0.415625 0.45 0.009375 0.009375
25 0.41328125 0.43203125 0.040625 0.0265625
28 0.4326750875 0.41492714687500004 0.43011199062500005 0.39358207031250003 0.43011199062500005 0.39274515625 0.38914429687499996 0.40006138281250003 0.39070744375 0.418968359375 0.4326750875 0.41492714687500004
22 0.427455778125 0.3629751078125 0.3834939375 0.37131975625 0.3885243 0.3994957359375 0.432330409375 0.391405615625 0.427455778125 0.3629751078125
36 0.677770934375 0.87682493125 0.6562816328125 0.7623707375000001 0.6074109062499999 0.77620505 0.6327580359375 0.8880932390625 0.677770934375 0.87682493125
34 0.6604332312500001 0.8629926015624999 0.6328085125 0.86895763125 0.6374082265625 0.8854289281250001 0.6652254796875 0.8787237937500001 0.6604332312500001 0.8629926015624999
34 0.6571513359375001 0.8454891609375 0.6316038328125 0.8516117124999999 0.6344512640625 0.868228821875 0.660297225 0.8612321312500001 0.6571513359375001 0.8454891609375
19 0.63149431875 0.8505913640625 0.6587639921874999 0.844031990625 0.6573564546874999 0.8402928265625 0.63729870625 0.8312047843749999 0.627661234375 0.835286159375 0.63149431875 0.8505913640625
0 0.6421776875 0.8233363671875 0.6355464328125 0.824208109375 0.6368606390625 0.8332454640625 0.6432126140625 0.8319335921875 0.6421776875 0.8233363671875
3 0.6504407171875 0.8215843671874999 0.64989313125 0.8059876218750001 0.6485363609375 0.8052859421875 0.6222949125 0.8099232531249999 0.6261279984375 0.827269153125 0.6504407171875 0.8215843671874999
4 0.6440237546875001 0.7855945703125 0.6187903734375 0.791557003125 0.6217473250000001 0.8096317296875 0.64803135 0.8036554031250001 0.6440237546875001 0.7855945703125
2 0.6407418593750001 0.7721934984375001 0.6162714890625 0.7793128421875 0.6171476218749999 0.786746803125 0.642993578125 0.7810620078125 0.6407418593750001 0.7721934984375001