36 0.5996299703125 0.54832545625 0.4361865609375 0.5727400390625 0.44187713593750005 0.6400065828125 0.6157272140625001 0.61648315 0.5996299703125 0.54832545625
36 0.8298203703125001 0.380645459375 0.8410883671875 0.44337466406250003 0.9859633640625001 0.42588286562500005 0.9779147765625 0.3637568328125 0.8298203703125001 0.380645459375
12 0.5812628921874999 0.573205125 0.5875603890625001 0.611552046875 0.6102282921875 0.6070816890625 0.603547225 0.56988825625 0.5812628921874999 0.573205125
23 0.555680765625 0.5768948546875 0.5617905890625 0.616201225 0.5851743015624999 0.6108367890624999 0.5806407250000001 0.5720340296875001 0.555680765625 0.5768948546875
20 0.5304266140625 0.5810765484375 0.5362593859375 0.6208504109375 0.5608361421875 0.614770725 0.5551095234375001 0.577398465625 0.5304266140625 0.5810765484375
0 0.52734375 0.6015625 0.0109375 0.0078125
7 0.493365328125 0.588456009375 0.5033312875 0.6260360265625 0.5233744671875 0.619956340625 0.5150231437499999 0.583835790625 0.493365328125 0.588456009375
8 0.4661433203125 0.5921457390625 0.47493676406249996 0.629791140625 0.501183796875 0.6262148453124999 0.4902077703125 0.58812734375 0.4661433203125 0.5921457390625
3 0.44121714531249995 0.59583546875 0.446303634375 0.6371225375 0.4746981671875 0.63086403125 0.466585440625 0.5917036312499999 0.44121714531249995 0.59583546875
7 0.9590994500000001 0.379647134375 0.9659540281250001 0.4161339453125 0.9805719984374999 0.41317320156250004 0.9770162703124999 0.3772002015625 0.9590994500000001 0.379647134375
1 0.941993390625 0.3827017875 0.94778038125 0.416874128125 0.9661515749999999 0.4142094546875 0.9590401359375 0.381641309375 0.941993390625 0.3827017875
3 0.9240727578125 0.384738221875 0.9292116078125 0.41998289375000003 0.9479779109375001 0.4171701921875 0.9408664874999999 0.381641309375 0.9240727578125 0.384738221875
4 0.90425145 0.3863673703125 0.91103794375 0.42205541875 0.927631290625 0.4202789703125 0.92249524375 0.3848981296875 0.90425145 0.3863673703125
0 0.8999070546875 0.40184428125 0.9009633984375001 0.40769582812499994 0.9086674578125 0.4079919109375 0.90649451875 0.401774346875 0.8999070546875 0.40184428125
14 0.8784566 0.3906438859375 0.8841725046875 0.42472007968750003 0.9053092765624999 0.4222034484375 0.896815065625 0.3893392390625 0.8784566 0.3906438859375
16 0.8597213921875 0.392069390625 0.8642209765625 0.4291611875 0.8829872625 0.4272367234375 0.8768635203124999 0.391263715625 0.8597213921875 0.392069390625
22 0.8374563625 0.3945131140625 0.8422940390625 0.42990137031250003 0.8608627953125 0.4282729640625 0.8563193703125 0.3930401640625 0.8374563625 0.3945131140625
21 0.8184012234375 0.20979753125 0.821859296875 0.22698775312500002 0.8315419109375 0.225778396875 0.8269311406250001 0.20919284999999999 0.8184012234375 0.20979753125
24 0.8290065375 0.20858037812500002 0.8320029828125 0.2258647765625 0.839149675 0.2247417953125 0.8401870984375 0.20850178593750002 0.8290065375 0.20858037812500002
16 0.840414290625 0.20798622500000002 0.84180086875 0.22448265156249997 0.8521750890625001 0.22465541249999998 0.8509071374999999 0.206860509375 0.840414290625 0.20798622500000002
0 0.8516636015625 0.21345243906250003 0.85159874375 0.2173992375 0.8545957375000001 0.2177447703125 0.854134665625 0.213857534375 0.8516636015625 0.21345243906250003
5 0.8545957375000001 0.20746519062500002 0.8562095062499999 0.2237052 0.8662379171874999 0.22301413593750002 0.8635867328125 0.207119659375 0.8545957375000001 0.20746519062500002
5 0.8648142046875 0.2069167484375 0.8686585750000001 0.22301413593750002 0.874537296875 0.22292775312500002 0.8747678421874999 0.20625582812499998 0.8648142046875 0.2069167484375