5 0.01171875 0.5125 0.01875 0.03125
36 0.33984375 0.5296875 0.1390625 0.0609375
36 0.72265625 0.5125 0.1390625 0.05625
15 0.3953125 0.5359375 0.021875 0.03125
26 0.37421875 0.5359375 0.01875 0.034375
11 0.3515625 0.534375 0.01875 0.03125
0 0.33671875 0.534375 0.009375 0.009375
2 0.321875 0.534375 0.0125 0.03125
8 0.29921875 0.53359375 0.021875 0.03125
2 0.278125 0.5328125 0.0125 0.0328125
23 0.66171875 0.5109375 0.01875 0.0296875
16 0.68046875 0.5109375 0.015625 0.0296875
23 0.69921875 0.5125 0.01875 0.028125
0 0.7109375 0.5125 0.00625 0.00625
9 0.7234375 0.51328125 0.01875 0.028125
7 0.7421875 0.51328125 0.01875 0.028125
9 0.76015625 0.51484375 0.0171875 0.028125
4 0.778125 0.515625 0.015625 0.028125
7 0.3654060390625 0.23425852812499998 0.36242224843750004 0.24083661250000002 0.366512996875 0.24161825 0.37000872500000004 0.234527659375 0.3654060390625 0.23425852812499998
7 0.3536081734375 0.2332995875 0.35100534375 0.23902209062500002 0.35323666249999996 0.23974789843750002 0.3575505421875 0.23371810312500002 0.3536081734375 0.2332995875
3 0.3577345203125 0.2338226453125 0.35427794375 0.23980372968750002 0.358777765625 0.2405574546875 0.3613065890625 0.2343043328125 0.3577345203125 0.2338226453125
2 0.36255827812499997 0.23390982187499998 0.360042178125 0.24005497031249998 0.3620503640625 0.24069703437499998 0.3646535671875 0.23402517500000003 0.36255827812499997 0.23390982187499998
14 0.339892428125 0.232253471875 0.3380541359375 0.239283109375 0.34136392187500003 0.2396460125 0.3442646359375 0.2324716734375 0.339892428125 0.232253471875
22 0.3441350109375 0.23247141249999997 0.3415126765625 0.23939477187499997 0.34552904687499997 0.239869340625 0.348281003125 0.232778746875 0.3441350109375 0.23247141249999997
31 0.3484357109375 0.23255858906250002 0.345789365625 0.238892290625 0.34950822656249997 0.23967392968749998 0.3523345625 0.2334487234375 0.3484357109375 0.23255858906250002
0 0.35110911875 0.235522584375 0.350661075 0.23688235781250003 0.35162798125 0.23724526250000003 0.352632071875 0.23587739062500002 0.35110911875 0.235522584375