36 0.33671875 0.11328125 0.071875 0.1984375
2 0.33828125 0.19296875 0.05 0.01875
8 0.33828125 0.165625 0.04375 0.025
7 0.3375 0.14140625 0.0375 0.0234375
9 0.3359375 0.11640625 0.040625 0.021875
0 0.33671875 0.1 0.009375 0.009375
12 0.3359375 0.0828125 0.040625 0.025
21 0.334375 0.05703125 0.0421875 0.0265625
23 0.33359375 0.03125 0.040625 0.025
36 0.22109375 0.68359375 0.0640625 0.190625
2 0.22109375 0.76953125 0.04375 0.01875
7 0.22109375 0.7421875 0.040625 0.025
8 0.21875 0.71796875 0.040625 0.025
2 0.21640625 0.69296875 0.046875 0.015625
0 0.215625 0.675 0.0140625 0.0125
10 0.2171875 0.659375 0.04375 0.0234375
23 0.2140625 0.63359375 0.04375 0.03125
22 0.21484375 0.60703125 0.040625 0.025