36 0.43125 0.5125 0.071875 0.2171875
23 0.42734375 0.4265625 0.04375 0.0296875
20 0.428125 0.4546875 0.0421875 0.028125
32 0.43046875 0.48125 0.040625 0.025
0 0.43203125 0.49921875 0.00625 0.009375
8 0.43359375 0.51640625 0.0421875 0.025
9 0.4359375 0.54140625 0.040625 0.0265625
3 0.4375 0.56640625 0.040625 0.025
3 0.440625 0.59453125 0.040625 0.028125
23 0.48125 0.8828125 0.040625 0.025
12 0.48359375 0.9078125 0.040625 0.0234375
34 0.48515625 0.934375 0.040625 0.0265625
0 0.48671875 0.95 0.0078125 0.009375
7 0.48828125 0.96484375 0.040625 0.021875
1 0.49140625 0.98828125 0.0390625 0.0234375