36 0.44140625 0.509375 0.153125 0.06875
36 0.82734375 0.52265625 0.196875 0.078125
24 0.06796875 0.2484375 0.078125 0.0328125
23 0.0359375 0.2484375 0.009375 0.015625
12 0.0453125 0.2484375 0.009375 0.015625
27 0.0546875 0.2484375 0.009375 0.015625
0 0.06015625 0.2484375 0.003125 0.003125
8 0.0671875 0.24921875 0.009375 0.015625
4 0.07578125 0.24921875 0.009375 0.015625
3 0.08515625 0.25 0.009375 0.015625
6 0.0953125 0.25078125 0.009375 0.015625
8 0.37890625 0.26328125 0.009375 0.0171875
8 0.36796875 0.2625 0.009375 0.015625
7 0.35859375 0.26171875 0.009375 0.015625
6 0.62109375 0.2765625 0.009375 0.015625
6 0.61171875 0.2765625 0.009375 0.015625
1 0.50625 0.51328125 0.01875 0.034375
4 0.48515625 0.5109375 0.01875 0.034375
8 0.4640625 0.5109375 0.01875 0.034375
6 0.44453125 0.509375 0.0203125 0.0328125
0 0.4296875 0.509375 0.00625 0.00625
13 0.415625 0.5078125 0.01875 0.0328125
21 0.39609375 0.5078125 0.0171875 0.034375
23 0.375 0.50625 0.01875 0.034375
2 0.90703125 0.53125 0.0125 0.0375
2 0.88046875 0.52890625 0.0109375 0.0359375
3 0.85546875 0.52578125 0.025 0.040625
9 0.82890625 0.5234375 0.025 0.034375
0 0.8109375 0.5234375 0.0125 0.009375
28 0.79453125 0.5203125 0.025 0.0375
13 0.76484375 0.5171875 0.025 0.034375
10 0.73984375 0.5171875 0.021875 0.034375