36 0.540625 0.30390625 0.071875 0.1375
36 0.4796875 0.79296875 0.084375 0.190625
21 0.46484375 0.8609375 0.04375 0.025
25 0.46796875 0.83359375 0.0421875 0.0234375
20 0.49096245468750005 0.796452821875 0.4549215984375 0.789153184375 0.44918994218749997 0.816386753125 0.489693684375 0.8247858828125001 0.49096245468750005 0.796452821875
0 0.477466140625 0.780754053125 0.46867759218750005 0.7820266546875 0.4663849296875 0.7929709859375 0.47670191093750003 0.7962797140625 0.477466140625 0.780754053125
8 0.4957106484375 0.760233440625 0.4599865078125 0.75214729375 0.45402942187499995 0.7794268703125 0.4920058390625 0.7848827843749999 0.4957106484375 0.760233440625
1 0.4975906078125 0.7328035890625 0.4607311375 0.726521015625 0.4571320703125 0.7470220328125 0.4953567 0.7594218421875001 0.4975906078125 0.7328035890625
1 0.5013137859375 0.7070119765625 0.4654471703125 0.699406759375 0.4627168421875 0.7237104078125001 0.49659776093749997 0.73247291875 0.5013137859375 0.7070119765625
7 0.54964285625 0.350800453125 0.5183333453125 0.3440569765625 0.5157262265625 0.3596860921875 0.546577071875 0.3706843140625 0.54964285625 0.350800453125
2 0.5505474796875001 0.3369295796875 0.51674010625 0.3334446296875 0.517174628125 0.341548603125 0.551356778125 0.3486878140625 0.5505474796875001 0.3369295796875
6 0.5501980625 0.3203239265625 0.5228233734375001 0.307782053125 0.5186230234375 0.3286208359375 0.5507774140625 0.33633891562499996 0.5501980625 0.3203239265625
5 0.555500428125 0.29586044375 0.523853225 0.291165628125 0.521309171875 0.30902374843749997 0.5541862562500001 0.316062715625 0.555500428125 0.29586044375
0 0.544205715625 0.28699437968749997 0.536573528125 0.2859515703125 0.5367692296875 0.29442440937500003 0.5444992531249999 0.29442440937500003 0.544205715625 0.28699437968749997
14 0.5582505156249999 0.2734523296875 0.525418809375 0.2652257234375 0.5229725968750001 0.2875157953125 0.5562410734375 0.2922084375 0.5582505156249999 0.2734523296875
12 0.5607455781249999 0.25676264843749996 0.5279663421875 0.25063612343749997 0.5279663421875 0.2665389921875 0.5581036671875 0.27227444218749997 0.5607455781249999 0.25676264843749996
22 0.5632896390625 0.2377313515625 0.5312931921875 0.23251730625000003 0.5290426765625 0.24946297187500002 0.5612348203125 0.2575447484375 0.5632896390625 0.2377313515625