12 0.30234375 0.621875 0.028125 0.04375
24 0.271875 0.6234375 0.0265625 0.04375
13 0.24375 0.625 0.03125 0.040625
0 0.22265625 0.62734375 0.015625 0.015625
5 0.20078125 0.6296875 0.03125 0.0421875
5 0.1703125 0.63046875 0.03125 0.040625
6 0.14140625 0.63359375 0.0265625 0.04375
36 0.22109375 0.6203125 0.209375 0.0625
36 0.69140625 0.50859375 0.153125 0.05625
11 0.75078125 0.51328125 0.021875 0.0359375
32 0.7296875 0.5125 0.021875 0.034375
22 0.7078125 0.51328125 0.01875 0.0328125
0 0.6921875 0.51484375 0.0078125 0.009375
5 0.67421875 0.51484375 0.021875 0.034375
8 0.653125 0.51640625 0.01875 0.0328125
1 0.63125 0.5171875 0.021875 0.0328125