36 0.20546875 0.34375 0.08125 0.0328125
32 0.23828125 0.34609375 0.0109375 0.01875
33 0.22578125 0.34609375 0.009375 0.015625
17 0.2125 0.34609375 0.0125 0.0171875
0 0.20390625 0.34609375 0.0046875 0.00625
2 0.19453125 0.34609375 0.00625 0.0171875
9 0.1828125 0.3453125 0.0109375 0.01875
5 0.17109375 0.3453125 0.009375 0.0171875
36 0.475 0.403125 0.075 0.03125
13 0.5046875 0.40546875 0.009375 0.0171875
30 0.49375 0.40546875 0.009375 0.015625
20 0.48203125 0.4046875 0.009375 0.015625
0 0.475 0.40546875 0.0046875 0.003125
7 0.4671875 0.4046875 0.009375 0.015625
1 0.45625 0.40390625 0.0109375 0.015625
6 0.44453125 0.40390625 0.0109375 0.015625
5 0.79140625 0.37421875 0.009375 0.015625
6 0.78125 0.37421875 0.009375 0.015625
6 0.759375 0.37421875 0.0109375 0.015625
5 0.7703125 0.37421875 0.0109375 0.015625
0 0.7515625 0.37421875 0.00625 0.003125
14 0.73125 0.37421875 0.0125 0.015625
11 0.74375 0.37421875 0.009375 0.015625
36 0.2703125 0.5703125 0.165625 0.06875
25 0.33359375 0.57734375 0.021875 0.034375
13 0.31015625 0.57578125 0.021875 0.03125
14 0.28515625 0.575 0.0234375 0.034375
0 0.26796875 0.5765625 0.0109375 0.009375
3 0.25 0.575 0.0234375 0.034375
7 0.2265625 0.57421875 0.021875 0.034375
5 0.2015625 0.57421875 0.0234375 0.034375
36 0.765625 0.61640625 0.171875 0.06875
7 0.834375 0.61640625 0.021875 0.0375
4 0.81328125 0.6171875 0.021875 0.034375
6 0.7921875 0.61796875 0.01875 0.034375
5 0.7703125 0.6171875 0.0234375 0.034375
0 0.7546875 0.61796875 0.0078125 0.00625
14 0.740625 0.61796875 0.025 0.0359375
15 0.7171875 0.61796875 0.0203125 0.0359375
23 0.6953125 0.6171875 0.0234375 0.034375