31 0.01640625 0.646875 0.0328125 0.04375
36 0.528125 0.49921875 0.1859375 0.06875
36 0.90859375 0.4921875 0.159375 0.0640625
23 0.4546875 0.5015625 0.025 0.0375
21 0.478125 0.5015625 0.025 0.0375
28 0.5015625 0.5 0.021875 0.0390625
0 0.51796875 0.49921875 0.009375 0.0109375
5 0.534375 0.4984375 0.025 0.0375
3 0.55859375 0.49765625 0.0234375 0.0359375
5 0.58203125 0.496875 0.025 0.0375
2 0.60546875 0.4953125 0.009375 0.040625
22 0.83828125 0.49453125 0.01875 0.034375
17 0.86015625 0.49375 0.021875 0.034375
22 0.88046875 0.49375 0.01875 0.034375
0 0.8953125 0.49296875 0.00625 0.0078125
3 0.909375 0.4921875 0.01875 0.0375
5 0.93125 0.49140625 0.0203125 0.034375
9 0.9515625 0.49140625 0.01875 0.034375
8 0.9703125 0.490625 0.01875 0.0328125