36 0.64609375 0.56875 0.15625 0.065625
36 0.24002340156250002 0.6126289015624999 0.42549603124999996 0.5784753734375 0.4074705578125 0.5066106593749999 0.222472284375 0.5393411234375 0.24002340156250002 0.6126289015624999
3 0.258048875 0.557485184375 0.236228565625 0.56104284375 0.23195937500000002 0.56104284375 0.24049775625 0.6058693484375001 0.2718051578125 0.5983982640625001 0.258048875 0.557485184375
1 0.26248746875 0.5570541390625 0.27232196875 0.5963921359375 0.3013571578125 0.5909480375 0.2875420265625 0.55178565625 0.26248746875 0.5570541390625
1 0.2919909671875 0.5521368890625 0.30346455 0.59059680625 0.32968988125 0.58567955625 0.31798214375 0.546517175 0.2919909671875 0.5521368890625
0 0.325240940625 0.56162015625 0.32781664374999997 0.5711034234375 0.340929309375 0.5684691828124999 0.3357779046875 0.5610933078125 0.325240940625 0.56162015625
19 0.33648036875 0.541424309375 0.3416317734375 0.583045315625 0.37043280625 0.5774256015625 0.357320140625 0.53879006875 0.33648036875 0.541424309375
30 0.3605071609375 0.5395743421875 0.37648400312499997 0.577420475 0.3924608453125 0.5739799171875 0.38534245 0.533879625 0.3605071609375 0.5395743421875
20 0.38724068906250003 0.534472825 0.39641550937500003 0.5729121578124999 0.4221999171875 0.5692343203125 0.41223416406249996 0.5298458687500001 0.38724068906250003 0.534472825
7 0.5828125 0.57734375 0.021875 0.034375
9 0.60703125 0.57578125 0.025 0.034375
9 0.63046875 0.5734375 0.021875 0.034375
0 0.646875 0.57109375 0.0078125 0.009375
23 0.6640625 0.5703125 0.021875 0.0328125
16 0.68671875 0.56796875 0.0234375 0.034375
31 0.70859375 0.56484375 0.01875 0.0328125