36 0.44453125 0.4328125 0.0734375 0.209375
36 0.4625 0.91328125 0.084375 0.1734375
17 0.75078125 0.0421875 0.01875 0.015625
32 0.75 0.028125 0.01875 0.015625
22 0.74921875 0.0125 0.021875 0.015625
23 0.43671875 0.35625 0.04375 0.025
21 0.4390625 0.38046875 0.040625 0.0265625
28 0.4421875 0.403125 0.04375 0.025
0 0.44140625 0.42265625 0.009375 0.0109375
2 0.44375 0.43828125 0.0421875 0.0171875
1 0.4453125 0.4625 0.0375 0.028125
9 0.446875 0.4859375 0.0375 0.0234375
7 0.44921875 0.50859375 0.0390625 0.0234375
26 0.459375 0.9828125 0.0375 0.03125
16 0.47609915156250004 0.9635083375000001 0.47493175 0.9430137515625001 0.43757499375000003 0.9476834046875 0.439326078125 0.97180994375 0.47609915156250004 0.9635083375000001
14 0.47454261249999996 0.9406789265625 0.47275499062500004 0.9165954218750001 0.43485106093750003 0.9258916906250001 0.4362130265625 0.9497587968750001 0.47454261249999996 0.9406789265625
0 0.4561220421875 0.9119265234375 0.4474978890625 0.915514690625 0.4484707109375 0.9209626234374999 0.4568370625 0.9194060609375001 0.4561220421875 0.9119265234375
3 0.47034758906249996 0.8844967499999999 0.4284303734375 0.8900910390625001 0.432516259375 0.9157741234375001 0.47142955468750003 0.9072131015625 0.47034758906249996 0.8844967499999999
3 0.46209036875000004 0.8343146328125 0.4249281765625 0.8428756546875 0.4292086359375 0.8672616281250001 0.467538228125 0.8610354140625001 0.46209036875000004 0.8343146328125
9 0.46987302187499996 0.8836054093750001 0.4669545234375 0.8605165828124999 0.467721334375 0.8596932296875 0.4272629796875 0.8693370203124999 0.4323217 0.8911287343750001 0.46987302187499996 0.8836054093750001