36 0.17421875 0.55859375 0.153125 0.05625
5 0.11015625 0.5671875 0.0234375 0.0328125
1 0.13359375 0.56640625 0.025 0.03125
2 0.15546875 0.56484375 0.0125 0.034375
0 0.1734375 0.56484375 0.009375 0.009375
20 0.1890625 0.56484375 0.021875 0.03125
29 0.21171875 0.56328125 0.025 0.03125
23 0.2359375 0.56328125 0.025 0.03125
6 0.0453125 0.35625 0.0109375 0.015625
3 0.05703125 0.35625 0.0109375 0.015625
0 0.06484375 0.35625 0.003125 0.003125
1 0.07265625 0.35625 0.0125 0.015625
36 0.55625 0.55859375 0.146875 0.05625
24 0.615625 0.56015625 0.0203125 0.03125
34 0.59453125 0.5609375 0.021875 0.03125
17 0.5734375 0.5609375 0.0234375 0.03125
0 0.55859375 0.5625 0.0078125 0.009375
7 0.54140625 0.56328125 0.021875 0.03125
2 0.5203125 0.56484375 0.0125 0.03125
6 0.49765625 0.565625 0.025 0.0328125
36 0.8116735046875 0.5099194375 0.8180103265625001 0.5586089453125 0.9353682390625 0.545675809375 0.9275106046875001 0.5017411234375 0.8116735046875 0.5099194375
7 0.9130945640625001 0.5178167765625 0.9202374375 0.5461035734374999 0.931953 0.5442028671875 0.9289449609375 0.5167613953125 0.9130945640625001 0.5178167765625
1 0.8966663031250001 0.520191946875 0.89949773125 0.547291515625 0.91817929375 0.5455096015625001 0.912163203125 0.5179493390625 0.8966663031250001 0.520191946875
1 0.8768732203124999 0.5193012578125 0.882715984375 0.5488358343749999 0.899339415625 0.5474103078125 0.8944315359375 0.51806813125 0.8768732203124999 0.5193012578125
0 0.87578125 0.53515625 0.00625 0.0078125
32 0.8521318640625 0.522715565625 0.8556435296875 0.551092928125 0.8729002375 0.5496673999999999 0.8684673296875 0.52091919375 0.8521318640625 0.522715565625
31 0.8311511953125 0.523160909375 0.837120284375 0.5522808703125001 0.8539020296875 0.5512117203125 0.8513689390625 0.5211567796875001 0.8311511953125 0.523160909375
12 0.814722934375 0.52538763125 0.8181220765624999 0.554775546875 0.8361703765625 0.5522808703125001 0.832212415625 0.524483021875 0.814722934375 0.52538763125