0 0.428125 0.28515625 0.071875 0.1984375
36 0.503125 0.728125 0.078125 0.203125
1 0.4265625 0.3625 0.0390625 0.028125
2 0.42578125 0.31328125 0.0375 0.01875
8 0.42734375 0.3375 0.034375 0.0265625
8 0.4265625 0.2890625 0.0375 0.025
0 0.42578125 0.271875 0.00625 0.009375
30 0.42578125 0.2546875 0.040625 0.021875
11 0.4265625 0.2328125 0.0375 0.025
22 0.42578125 0.20859375 0.0390625 0.0265625
36 0.84765625 0.89609375 0.028125 0.065625
7 0.5 0.8140625 0.040625 0.028125
5 0.5015625 0.78515625 0.040625 0.028125
2 0.49921875 0.7609375 0.0390625 0.009375
3 0.5 0.73203125 0.0375 0.028125
0 0.50078125 0.71328125 0.009375 0.009375
12 0.5015625 0.6984375 0.0375 0.025
22 0.5015625 0.6734375 0.0375 0.025
22 0.50234375 0.64765625 0.0375 0.021875
4 0.83125 0.09375 0.0125 0.009375
2 0.83046875 0.08671875 0.0140625 0.00625
9 0.83125 0.078125 0.0125 0.00625
5 0.83046875 0.0703125 0.0125 0.0078125
33 0.8296875 0.06015625 0.0125 0.00625
10 0.8296875 0.053125 0.0125 0.0078125
0 0.83046875 0.06484375 0.003125 0.0046875
5 0.8390625 0.7640625 0.0125 0.009375
0 0.840625 0.77109375 0.0046875 0.003125
23 0.83984375 0.77890625 0.0140625 0.009375
32 0.84140625 0.78828125 0.0125 0.00625
13 0.84140625 0.79765625 0.0125 0.009375
23 0.846875 0.8671875 0.015625 0.009375
21 0.84765625 0.87578125 0.015625 0.009375
10 0.84765625 0.884375 0.015625 0.009375
0 0.8484375 0.88984375 0.003125 0.003125
5 0.8484375 0.896875 0.0125 0.0078125
8 0.8484375 0.90546875 0.0140625 0.009375
1 0.8484375 0.9140625 0.0125 0.009375
8 0.84921875 0.92265625 0.0125 0.009375