36 0.40399321875 0.49832744531250006 0.41920543125 0.557577221875 0.5606238 0.5361505 0.5443062984375 0.4810532125 0.40399321875 0.49832744531250006
22 0.409612990625 0.5126347265625 0.416276915625 0.5441127 0.43622216875 0.540813125 0.4293120015625 0.508995815625 0.409612990625 0.5126347265625
11 0.429640084375 0.5093950484375 0.43794970624999996 0.54128449375 0.45522511562499995 0.5373957078125 0.4473726578125 0.5065211328125 0.429640084375 0.5093950484375
13 0.449078146875 0.5067444046875 0.4564815015625 0.538809815625 0.473285771875 0.5344496609375 0.46574740625000005 0.5048713499999999 0.449078146875 0.5067444046875
0 0.475 0.51875 0.00625 0.00625
3 0.4746028765625 0.50483005 0.48192347656249995 0.5350388703125 0.49857069843749996 0.5320928234375 0.49087527499999994 0.5020431421875 0.4746028765625 0.50483005
8 0.49364825156250003 0.5032102109375 0.5013975640624999 0.532799871875 0.517259540625 0.5280862015625 0.5089359296875 0.4990970953125 0.49364825156250003 0.5032102109375
8 0.5260543046875 0.4972116265625 0.5116057609375 0.49980415 0.51210459375 0.49982327499999996 0.5197723375 0.5290289359375 0.535320196875 0.5258472125 0.5260543046875 0.4972116265625
1 0.5285974953125 0.4973198890625 0.5367336296875 0.527379146875 0.552752665625 0.5243152609374999 0.5441149609375 0.4952083140625 0.5285974953125 0.4973198890625
3 0.5992773765625 0.26884175312499997 0.602183625 0.2795591359375 0.607186875 0.27859214374999997 0.604230409375 0.268012140625 0.5992773765625 0.26884175312499997
6 0.5944438828124999 0.26933931875 0.5963464953125001 0.2791609609375 0.6011223218749999 0.2784215015625 0.5989997375 0.26852407500000003 0.5944438828124999 0.26933931875
23 0.6753332640624999 0.26100738125 0.6769044171874999 0.2708811296875 0.6829951109375 0.26992901406250003 0.6807534000000001 0.2605030734375 0.6753332640624999 0.26100738125
19 0.6810971171875 0.26057112656250003 0.682572146875 0.27018291250000004 0.6876477249999999 0.26957990625 0.6854060140625 0.25970964375 0.6810971171875 0.26057112656250003
26 0.6858033828125001 0.260214190625 0.6873939499999999 0.26964338125 0.6933577515625 0.269040375 0.69103144375 0.2601539640625 0.6858033828125001 0.260214190625
0 0.6917787546875 0.26370422968749996 0.6918578609375 0.2653583390625 0.6943533515625 0.265199653125 0.6938457953125 0.2638349515625 0.6917787546875 0.26370422968749996
8 0.6929978640625001 0.25996019531250003 0.6947493578125 0.2690729765625 0.6996844 0.268384809375 0.6973697375000001 0.259536896875 0.6929978640625001 0.25996019531250003
23 0.2167970890625 0.281002284375 0.22089901875 0.2928001515625 0.2265825234375 0.2915983078125 0.22405077968749998 0.280083834375 0.2167970890625 0.281002284375
6 0.216014221875 0.1931967484375 0.21632801875 0.1987222078125 0.219675815625 0.1983672484375 0.21891164375 0.192851728125 0.216014221875 0.1931967484375
8 0.2117832875 0.1932649890625 0.21250716406249998 0.1986129921875 0.216000515625 0.19847646875 0.215272734375 0.1930155546875 0.2117832875 0.1932649890625
4 0.2080982796875 0.19309438750000002 0.208941034375 0.19825803125000002 0.21214327187499998 0.19847646875 0.2113791015625 0.1927152046875 0.2080982796875 0.19309438750000002