36 0.65625 0.20546875 0.0328125 0.08125
32 0.65390625 0.23828125 0.01875 0.0109375
33 0.65390625 0.22578125 0.015625 0.009375
17 0.65390625 0.2125 0.0171875 0.0125
0 0.65390625 0.20390625 0.00625 0.0046875
2 0.65390625 0.19453125 0.0171875 0.00625
9 0.6546875 0.1828125 0.01875 0.0109375
5 0.6546875 0.17109375 0.0171875 0.009375
36 0.596875 0.475 0.03125 0.075
13 0.59453125 0.5046875 0.0171875 0.009375
30 0.59453125 0.49375 0.015625 0.009375
20 0.5953125 0.48203125 0.015625 0.009375
0 0.59453125 0.475 0.003125 0.0046875
7 0.5953125 0.4671875 0.015625 0.009375
1 0.59609375 0.45625 0.015625 0.0109375
6 0.59609375 0.44453125 0.015625 0.0109375
5 0.62578125 0.79140625 0.015625 0.009375
6 0.62578125 0.78125 0.015625 0.009375
6 0.62578125 0.759375 0.015625 0.0109375
5 0.62578125 0.7703125 0.015625 0.0109375
0 0.62578125 0.7515625 0.003125 0.00625
14 0.62578125 0.73125 0.015625 0.0125
11 0.62578125 0.74375 0.015625 0.009375
36 0.4296875 0.2703125 0.06875 0.165625
25 0.42265625 0.33359375 0.034375 0.021875
13 0.42421875 0.31015625 0.03125 0.021875
14 0.425 0.28515625 0.034375 0.0234375
0 0.4234375 0.26796875 0.009375 0.0109375
3 0.425 0.25 0.034375 0.0234375
7 0.42578125 0.2265625 0.034375 0.021875
5 0.42578125 0.2015625 0.034375 0.0234375
36 0.38359375 0.765625 0.06875 0.171875
7 0.38359375 0.834375 0.0375 0.021875
4 0.3828125 0.81328125 0.034375 0.021875
6 0.38203125 0.7921875 0.034375 0.01875
5 0.3828125 0.7703125 0.034375 0.0234375
0 0.38203125 0.7546875 0.00625 0.0078125
14 0.38203125 0.740625 0.0359375 0.025
15 0.38203125 0.7171875 0.0359375 0.0203125
23 0.3828125 0.6953125 0.034375 0.0234375