36 0.50390625 0.20625 0.071875 0.2140625
36 0.44453125 0.71953125 0.06875 0.190625
14 0.40703125 0.9515625 0.040625 0.0203125
23 0.40703125 0.9734375 0.034375 0.021875
25 0.44453125 0.79375 0.04375 0.03125
32 0.44375 0.765625 0.040625 0.025
12 0.440625 0.7390625 0.0375 0.028125
0 0.43828125 0.71875 0.0109375 0.009375
4 0.4359375 0.70078125 0.0390625 0.028125
4 0.4328125 0.67265625 0.0421875 0.028125
7 0.43125 0.64140625 0.040625 0.03125
23 0.5015625 0.28828125 0.04375 0.03125
14 0.49921875 0.25859375 0.0421875 0.03125
11 0.49921875 0.22734375 0.04375 0.028125
0 0.496875 0.20546875 0.009375 0.0125
8 0.49609375 0.18515625 0.04375 0.0359375
2 0.49375 0.153125 0.046875 0.01875
7 0.49296875 0.12265625 0.0484375 0.03125