36 0.25028976406250003 0.471543609375 0.27116315625 0.545201790625 0.4608331453125 0.522256528125 0.44612403437500003 0.45051616406250006 0.25028976406250003 0.471543609375
22 0.25976577343749996 0.489959625 0.27007156875 0.53139568125 0.2928333875 0.527571946875 0.2843401671875 0.4855108796875 0.25976577343749996 0.489959625
19 0.2877980515625 0.48534067031249994 0.29368270937499996 0.527954325 0.3155952171875 0.5247678796875 0.3088006421875 0.48449121875 0.2877980515625 0.48534067031249994
34 0.3339405765625 0.48079494375 0.3101595625 0.4837264734375 0.3088222609375 0.484385025 0.317803459375 0.5255326250000001 0.34413244062500004 0.521071603125 0.3339405765625 0.48079494375
0 0.34375 0.50234375 0.009375 0.009375
8 0.3459715578125 0.48098814218749997 0.35293599375 0.5211373484374999 0.38113349375 0.5176959828125 0.3694128484375 0.4780566140625 0.3459715578125 0.48098814218749997
2 0.3887773921875 0.476144746875 0.3782658578125 0.4765805828125 0.3860595515625 0.5169312374999999 0.3965911515625 0.5168037812499999 0.3887773921875 0.476144746875
8 0.396741678125 0.47626203437500003 0.406273415625 0.5151468265625 0.4285256609375 0.5134898859375 0.420542040625 0.4734681328125 0.396741678125 0.47626203437500003
7 0.4230750296875 0.47164307968749997 0.43090375312500007 0.512852596875 0.451966953125 0.5094112265625 0.446361421875 0.470664065625 0.4230750296875 0.47164307968749997
36 0.6249834921875 0.40911952500000004 0.637475071875 0.47358540156249995 0.8155599421874999 0.4580955234375 0.8045500562499999 0.3938641515625 0.6249834921875 0.40911952500000004
22 0.62909759375 0.42307439062499996 0.6366413703125 0.45969891250000006 0.6583945499999999 0.4565976359375 0.6529562546875 0.42019845624999996 0.62909759375 0.42307439062499996
19 0.6568375015625 0.420830721875 0.6594822078125 0.457903440625 0.6803652734375001 0.4565976359375 0.6757970921875 0.41856620624999996 0.6568375015625 0.420830721875
31 0.6766905734375 0.4185870515625 0.684715909375 0.4561079546875 0.7034236390624999 0.4520273296875 0.6986379296874999 0.4166075046875 0.6766905734375 0.4185870515625
35 0.70703125 0.434375 0.0078125 0.00625
7 0.721875 0.4328125 0.021875 0.0359375
9 0.74609375 0.43125 0.021875 0.0359375
1 0.76953125 0.4296875 0.025 0.0375
3 0.79453125 0.428125 0.025 0.0375