36 0.388884325 0.38490188281250004 0.35113245000000004 0.22594471249999998 0.29649159687500004 0.23190560625 0.3372238875 0.3981483109375 0.388884325 0.38490188281250004
36 0.49965623125 0.6286362140625 0.48254131874999995 0.5007170703125 0.4276296484375 0.50544445625 0.445512128125 0.6372463859375 0.49965623125 0.6286362140625
14 0.3412459375 0.230530571875 0.3066667046875 0.2367417796875 0.3116833859375 0.26039211562500003 0.3466209515625 0.25322534218750004 0.3412459375 0.230530571875
22 0.347212834375 0.2515428046875 0.31293755624999997 0.260153215625 0.31705839999999996 0.2828479859375 0.35163762656249997 0.274725646875 0.347212834375 0.2515428046875
25 0.35127929375 0.2761590109375 0.3165208953125 0.2835646671875 0.32153757031249997 0.3057816375 0.355220965625 0.2959870515625 0.35127929375 0.2761590109375
0 0.3441898421875 0.2988358375 0.33443759375000004 0.30243715937500004 0.336945934375 0.3110372640625 0.343754271875 0.3076927859375 0.3441898421875 0.2988358375
1 0.357692540625 0.305822309375 0.322791740625 0.3141428765625 0.32942091875 0.3342098171875 0.36041680625 0.326087478125 0.357692540625 0.305822309375
5 0.36274598125 0.3253708125 0.32762925 0.33612096406249997 0.333720928125 0.35523233906249996 0.367941815625 0.3454377515625 0.36274598125 0.3253708125
9 0.3666876515625 0.34758778281249997 0.3339000890625 0.356665703125 0.341066765625 0.370760334375 0.3724209921875 0.365982490625 0.3666876515625 0.34758778281249997
8 0.341962603125 0.373627046875 0.346083446875 0.3927384375 0.3783335046875 0.384377215625 0.37277933124999996 0.36669917343749997 0.341962603125 0.373627046875
4 0.446875 0.51484375 0.03125 0.0234375
5 0.45 0.53671875 0.03125 0.021875
5 0.45234375 0.5578125 0.0328125 0.0203125
0 0.45546875 0.57109375 0.009375 0.009375
13 0.471792928125 0.5718405609375 0.43959600468750004 0.5790477515625 0.44370874687499995 0.5984758328125 0.4740255578125 0.591581984375 0.471792928125 0.5718405609375
16 0.47392605625 0.5932240906249999 0.44100607968750005 0.59957256875 0.4438262578125 0.6185305999999999 0.47637569687500003 0.6103833562500001 0.47392605625 0.5932240906249999
21 0.475083125 0.6125768500000001 0.443591240625 0.6186872828125 0.4468814375 0.6360785515625 0.47555315 0.6232309328125 0.475083125 0.6125768500000001
36 0.75234375 0.24765625 0.025 0.065625
6 0.75479089375 0.22112492343749998 0.7436269953125 0.2250080703125 0.744251059375 0.23268189375 0.75603903125 0.22879875312500003 0.75479089375 0.22112492343749998
1 0.755392821875 0.228698684375 0.7434189703125 0.233051715625 0.7441817203125 0.240078353125 0.7556923249999999 0.23638012343749998 0.755392821875 0.228698684375
9 0.7556268125 0.23701836250000002 0.7447364515625 0.24026327187500002 0.7445284265625001 0.24867674375 0.7561083703125 0.245070965625 0.7556268125 0.23701836250000002
0 0.751739890625 0.2468276296875 0.7476487703125 0.24830692187499998 0.7481341578125 0.25089568125 0.751739890625 0.24923147656250003 0.751739890625 0.2468276296875
20 0.755622984375 0.24867674375 0.7441123828125 0.252559884375 0.7445284265625001 0.2608809125 0.75659375625 0.255795840625 0.755622984375 0.24867674375
33 0.7564067828125001 0.2568815921875 0.744251059375 0.26226774062499997 0.7449444656249999 0.2671679078125 0.756385734375 0.2645791421875 0.7564067828125001 0.2568815921875
32 0.7564067828125001 0.264473296875 0.7443204015625 0.2685547359375 0.7446671078125 0.2760436671875 0.75707914375 0.2723454375 0.7564067828125001 0.264473296875
8 0.7474539 0.7714116203125 0.7571766 0.7770684921875 0.758496984375 0.7727563046875 0.7490674984375 0.7658984171875 0.7474539 0.7714116203125
2 0.75683295625 0.7780005734375 0.747050496875 0.771478853125 0.7464453953125 0.7748405640625 0.7561774296875 0.7806899406250001 0.75683295625 0.7780005734375
6 0.7563825234375 0.781757321875 0.7464453953125 0.77524396875 0.745285621875 0.780555471875 0.7556731796875 0.7864720890625 0.7563825234375 0.781757321875
20 0.755134690625 0.7883368078124999 0.7456385953125 0.7817656890625 0.744478821875 0.7877495328124999 0.7551689296874999 0.7938678484375 0.755134690625 0.7883368078124999
29 0.75472776875 0.7945106015625 0.7455905265625 0.7880237578125 0.7440078906250001 0.7908197828125 0.7533454500000001 0.7991023609375 0.75472776875 0.7945106015625
8 0.7032608203125 0.9892619203124999 0.69209295625 0.9779136015625 0.6893347765625 0.9871952171875 0.7016152421874999 0.9962141499999999 0.7032608203125 0.9892619203124999
7 0.704221115625 0.9815795640625 0.6938660718749999 0.972747428125 0.69209295625 0.9782638625000001 0.7028629921875 0.9894718359375 0.704221115625 0.9815795640625
4 0.705476884375 0.97438966875 0.6950481484375 0.96574244375 0.6927496671875 0.972309615625 0.704373425 0.9813285421875 0.705476884375 0.97438966875
0 0.7020789203125 0.96828318125 0.6995137765624999 0.9660051265625 0.6987257234375 0.9694200593750001 0.7014182328125 0.971083740625 0.7020789203125 0.96828318125
21 0.7077668171875 0.9650329531249999 0.696952603125 0.9561981515625 0.694785465625 0.9628528812500001 0.7070659328125 0.9693324953125 0.7077668171875 0.9650329531249999
3 0.708579375 0.9587294828124999 0.6980690140625 0.9491931593749999 0.696689925 0.9562857093750001 0.707853984375 0.9654797546875 0.708579375 0.9587294828124999
20 0.7104808203124999 0.952695659375 0.6999078 0.9429762296875 0.697346634375 0.949806090625 0.7091674015625 0.95970064375 0.7104808203124999 0.952695659375