23 0.515625 0.0578125 0.009375 0.00625
15 0.51484375 0.06484375 0.009375 0.00625
24 0.515625 0.07109375 0.009375 0.00625
1 0.515625 0.08046875 0.009375 0.00625
1 0.515625 0.08671875 0.009375 0.00625
36 0.50703125 0.25703125 0.01875 0.0515625
23 0.50703125 0.23671875 0.009375 0.00625
21 0.50703125 0.24296875 0.009375 0.00625
13 0.50703125 0.24921875 0.009375 0.00625
0 0.50703125 0.25390625 0.003125 0.003125
8 0.50703125 0.2578125 0.009375 0.00625
7 0.50703125 0.26484375 0.009375 0.00625
7 0.50625 0.27734375 0.009375 0.00625
3 0.50703125 0.27109375 0.009375 0.00625
20 0.5609375 0.371875 0.0046875 0.003125
9 0.56015625 0.3765625 0.0046875 0.003125
9 0.56015625 0.3796875 0.0046875 0.003125
3 0.51875 0.4046875 0.009375 0.00625
5 0.51875 0.41171875 0.009375 0.00625
9 0.51875 0.41796875 0.009375 0.0078125
23 0.51875 0.42734375 0.009375 0.00625
15 0.51875 0.43359375 0.009375 0.00625
20 0.51875 0.440625 0.009375 0.00625
36 0.5203125 0.42265625 0.0171875 0.046875
36 0.5703125 0.6109375 0.009375 0.025
36 0.51328125 0.5890625 0.015625 0.04375
2 0.5125 0.5734375 0.009375 0.0046875
2 0.5125 0.57890625 0.009375 0.0046875
6 0.5125 0.58515625 0.009375 0.00625
0 0.5125 0.58984375 0.003125 0.003125
14 0.5125 0.59453125 0.009375 0.00625
16 0.5125 0.60078125 0.009375 0.00625
28 0.5125 0.60703125 0.009375 0.00625
36 0.42578125 0.8578125 0.03125 0.08125
22 0.42578125 0.825 0.0171875 0.0125
12 0.42578125 0.8359375 0.0171875 0.009375
15 0.42578125 0.84609375 0.015625 0.0125
0 0.42578125 0.85234375 0.003125 0.0046875
9 0.4265625 0.859375 0.015625 0.009375
2 0.42578125 0.86953125 0.0171875 0.00625
1 0.4265625 0.87890625 0.015625 0.009375
6 0.4265625 0.88984375 0.015625 0.009375
36 0.409375 0.58125 0.025 0.071875
23 0.409375 0.55078125 0.015625 0.009375
10 0.409375 0.5609375 0.015625 0.009375
24 0.409375 0.56953125 0.015625 0.009375
0 0.41015625 0.5765625 0.003125 0.003125
3 0.4109375 0.58203125 0.015625 0.009375
3 0.4109375 0.590625 0.015625 0.009375
4 0.4109375 0.6 0.015625 0.009375
9 0.41171875 0.60859375 0.0140625 0.0078125
36 0.4234375 0.3234375 0.03125 0.078125
22 0.42421875 0.29140625 0.015625 0.009375
16 0.42421875 0.30234375 0.015625 0.009375
12 0.42421875 0.3125 0.015625 0.009375
0 0.42421875 0.31953125 0.003125 0.003125
2 0.425 0.3265625 0.0171875 0.00625
9 0.42421875 0.3359375 0.015625 0.009375
7 0.42421875 0.35703125 0.015625 0.009375
1 0.42421875 0.34609375 0.015625 0.009375
36 0.40859375 0.08359375 0.028125 0.0859375
22 0.409375 0.0484375 0.0171875 0.0109375
32 0.409375 0.059375 0.0171875 0.009375
24 0.41015625 0.0703125 0.0171875 0.0109375
0 0.4109375 0.07734375 0.003125 0.003125
3 0.41171875 0.1078125 0.015625 0.009375
7 0.4109375 0.08515625 0.015625 0.009375
7 0.4109375 0.09609375 0.0171875 0.009375
7 0.4109375 0.11875 0.0171875 0.009375