36 0.4827785953125 0.8518228234375 0.4608076234375 0.75693250625 0.411611753125 0.7626641359375 0.43549323749999996 0.8664703296875 0.4827785953125 0.8518228234375
6 0.4661532046875 0.841859784375 0.43783048593749996 0.8525430328124999 0.44099815312499996 0.8644685234375 0.47025253593749994 0.85502751875 0.4661532046875 0.841859784375
9 0.46299656875000006 0.8266702734375 0.4333584828125 0.8368908109375001 0.43857581874999996 0.8500585453125 0.4661532046875 0.8411144187499999 0.46299656875000006 0.8266702734375
5 0.4583854984375 0.8138151671875 0.42888646562500005 0.822977709375 0.433917475 0.8354001109375 0.4627991921875 0.8267044406249999 0.4583854984375 0.8138151671875
0 0.44560025625 0.80990274375 0.4395074890625 0.8122944625 0.4411844796875 0.81701498125 0.447706159375 0.8155242812499999 0.44560025625 0.80990274375
21 0.4533552390625 0.790340625 0.4232964640625 0.800120515625 0.42832747343750005 0.8157727375 0.4559048546875 0.797636028125 0.4533552390625 0.790340625
26 0.4500017328125 0.7741320125 0.42199212656249996 0.7829775953125 0.4253461203125 0.798381378125 0.45441417656249994 0.7904310390625 0.4500017328125 0.7741320125
12 0.4454701640625 0.7591266125 0.416774778125 0.766331584375 0.42050145156249996 0.7809900187500001 0.4491968421875 0.7747788171875001 0.4454701640625 0.7591266125
36 0.389261478125 0.18007991406249999 0.31667115468749996 0.202875590625 0.3631962265625 0.3815042078125 0.42849948906249996 0.360576984375 0.389261478125 0.18007991406249999
22 0.3742275921875 0.1872416609375 0.3332472921875 0.2001670484375 0.3392367265625 0.22540283749999998 0.38236063124999997 0.2129446578125 0.3742275921875 0.1872416609375
23 0.3815036671875 0.21131558906249998 0.338997134375 0.2250833875 0.3464240421875 0.2487219703125 0.3857147171875 0.238819325 0.3815036671875 0.21131558906249998
14 0.3852355640625 0.2391387515625 0.34618445000000003 0.2509580546875 0.35145516250000003 0.27555494375 0.3907458375 0.263096784375 0.3852355640625 0.2391387515625
0 0.3739581078125 0.268805565625 0.367506846875 0.2710828171875 0.3703817625 0.27874935624999997 0.3775690875 0.27491608749999996 0.3739581078125 0.268805565625
3 0.3922830390625 0.27491387500000003 0.3512155859375 0.2832215265625 0.3581633265625 0.30909619374999997 0.3972144328125 0.295040828125 0.3922830390625 0.27491387500000003
6 0.39821169218749997 0.298987803125 0.3600799453125 0.30717953593749997 0.36559021875000003 0.329859834375 0.402724696875 0.31867938906250004 0.39821169218749997 0.298987803125
2 0.4024851296875 0.3234710078125 0.36415276093750004 0.3362486171875 0.36846515156250004 0.34551240625 0.40583921093750003 0.33401259843750003 0.4024851296875 0.3234710078125
4 0.40655794375000004 0.3394430296875 0.368704728125 0.3531789890625 0.3746941625 0.3755398359375 0.411109903125 0.361484428125 0.40655794375000004 0.3394430296875
4 0.72265625 0.83203125 0.009375 0.00625
4 0.72265625 0.83828125 0.009375 0.00625
5 0.721875 0.84375 0.009375 0.00625
0 0.721875 0.84921875 0.003125 0.003125
19 0.721875 0.853125 0.009375 0.00625
36 0.73001304375 0.765648359375 0.7282509484374999 0.7363202734375001 0.713485815625 0.740938228125 0.71536943125 0.770590390625 0.73001304375 0.765648359375
6 0.726673109375 0.762670521875 0.7174960968749999 0.7650812453125 0.7181037140625001 0.768645984375 0.7269141875 0.7661344640625 0.726673109375 0.762670521875
7 0.726126334375 0.7583874484375001 0.7173138140625 0.761030403125 0.7176783828125 0.7634609046875 0.7269141875 0.7617595546875 0.726126334375 0.7583874484375001
5 0.725716253125 0.7543777625 0.7173138140625 0.757060575 0.717617621875 0.7605442984375 0.7259420000000001 0.7582758296875001 0.725716253125 0.7543777625
4 0.72515209375 0.7508222828125 0.7169492421875 0.7537388890625001 0.7175568593749999 0.7569795609375001 0.725577428125 0.75414396875 0.72515209375 0.7508222828125
17 0.724909046875 0.744989071875 0.7166454328125 0.74822974375 0.7167669562500001 0.75244261875 0.7257597125 0.7490399078125 0.724909046875 0.744989071875
20 0.7244176609374999 0.7413462859375 0.7160985765625 0.744421959375 0.7167669562500001 0.7479056765625 0.72515209375 0.7445029671875 0.7244176609374999 0.7413462859375
22 0.7243493140624999 0.7374277296875 0.7156732406249999 0.740371115625 0.7162808593750001 0.7442599203125 0.7247267609375 0.74118128125 0.7243493140624999 0.7374277296875
36 0.7329130234375001 0.6668986453125 0.7248839968749999 0.6378036703125 0.707984625 0.646092009375 0.7170138078125 0.67632051875 0.7329130234375001 0.6668986453125
24 0.725765675 0.6656511890625 0.71742414375 0.6708224656249999 0.7194795125 0.6744470265625 0.727634671875 0.6696732171875001 0.725765675 0.6656511890625
10 0.7255419390625 0.661971971875 0.7160981015625 0.6668442906250001 0.71742414375 0.6710876734375 0.7262423265625 0.6651646140625 0.7255419390625 0.661971971875
19 0.7163633140625 0.6664022703125 0.72561651875 0.6612759031250001 0.7242532640625 0.6578270921875 0.715037271875 0.66207048125 0.7163633140625 0.6664022703125
0 0.7199485343750001 0.65700005625 0.7174904484375 0.6582691125 0.7184849828125001 0.6605676109374999 0.7208055546875001 0.658976340625 0.7199485343750001 0.65700005625
3 0.7219621593750001 0.6508348796875 0.71225258125 0.6555285921875 0.71437425 0.660125590625 0.723789146875 0.6546445578125 0.7219621593750001 0.6508348796875
6 0.7220652921874999 0.6501359546875001 0.7209381593749999 0.64536215 0.7209180578125001 0.646061840625 0.7112580515625 0.6508431828125001 0.7123851890624999 0.6547329578125 0.7220652921874999 0.6501359546875001
4 0.719575640625 0.6411893625 0.7100646140625 0.645804165625 0.7116558625 0.649959146875 0.7206066484375 0.6452737374999999 0.719575640625 0.6411893625
4 0.7150070578125 0.53647850625 0.7056238734375 0.5399440156249999 0.7063696953124999 0.5455129046875 0.7158416640625 0.5413362328125 0.7150070578125 0.53647850625