36 0.51796875 0.55859375 0.2625 0.084375
36 0.63828125 0.13203125 0.0671875 0.0296875
36 0.77421875 0.128125 0.065625 0.021875
4 0.63203125 0.1328125 0.009375 0.015625
4 0.62265625 0.1328125 0.009375 0.015625
4 0.61328125 0.1328125 0.0109375 0.0140625
1 0.6203125 0.55859375 0.03125 0.05625
5 0.58984375 0.559375 0.03125 0.046875
9 0.5578125 0.56171875 0.028125 0.040625
7 0.52265625 0.5625 0.03125 0.04375
0 0.50078125 0.56484375 0.015625 0.0171875
28 0.478125 0.56484375 0.034375 0.046875
13 0.44453125 0.56328125 0.0328125 0.046875
10 0.415625 0.5625 0.028125 0.04375