36 0.5801207015625 0.5502481968749999 0.4177990578125 0.582213378125 0.41991498437499997 0.6511312296875 0.5807252484375 0.6114581296875 0.5801207015625 0.5502481968749999
3 0.4196127109375 0.6048837171875 0.4238445640625 0.64274318125 0.452862971875 0.6350352796875 0.4477242859375 0.5987627343749999 0.4196127109375 0.6048837171875
9 0.44646355312499997 0.6018361171875 0.449235665625 0.63480856875 0.474626746875 0.6289142875 0.471301725 0.593095146875 0.44646355312499997 0.6018361171875
6 0.4731153671875 0.5955888828125 0.47432448281250006 0.6280074625000001 0.49729737343749997 0.6212063703124999 0.49548373124999995 0.5885610812500001 0.4731153671875 0.5955888828125
0 0.5086892 0.5992949046875 0.49756841874999996 0.6013391390625 0.500185071875 0.6089437015625 0.5089072531250001 0.6064906156250001 0.5086892 0.5992949046875
20 0.5079716296875 0.5852595140625 0.508471153125 0.6196555046875 0.5332203453125001 0.6136863296875 0.5315849390625 0.5802426140625 0.5079716296875 0.5852595140625
28 0.53213090625 0.5799248515625 0.5373633828125 0.6122962484375 0.5534994234374999 0.6086983921875 0.5548077609375001 0.5746822921875 0.53213090625 0.5799248515625
11 0.5553148828125 0.5744267921875 0.5556799765625 0.6079387781250001 0.57748543125 0.6032779171875 0.5761771078125 0.5706741546874999 0.5553148828125 0.5744267921875
6 0.0255005546875 0.11611667968749999 0.0279918234375 0.130263259375 0.039024496874999995 0.1307971 0.0388465578125 0.13012980624999998 0.03421995 0.1146486390625 0.0255005546875 0.11611667968749999
4 0.011831542187499999 0.11575784062500001 0.019272428124999998 0.131064015625 0.028703595312500003 0.129862890625 0.0242549265625 0.1146486390625 0.011831542187499999 0.11575784062500001
20 0.17295845 0.11005334687499999 0.176446025 0.1251909484375 0.1862330953125 0.12479057499999999 0.1821403203125 0.10984324375000001 0.17295845 0.11005334687499999