36 0.50859375 0.71953125 0.0734375 0.203125
36 0.4203125 0.328125 0.1140625 0.2578125
3 0.5140625 0.784375 0.04375 0.028125
1 0.51015625 0.75703125 0.040625 0.03125
2 0.50546875 0.734375 0.0390625 0.021875
0 0.5015625 0.7171875 0.0109375 0.0109375
7 0.4984375 0.696875 0.040625 0.0296875
30 0.5142418953125001 0.6572331234375001 0.47268810625 0.6706068968750001 0.4808078 0.6916229 0.5185405796875 0.67888599375 0.5142418953125001 0.6572331234375001
23 0.46838943750000006 0.6400382359375001 0.47268810625 0.66678578125 0.5142418953125001 0.6546856546875001 0.5104208703124999 0.6273012437500001 0.46838943750000006 0.6400382359375001
27 0.4497286765625 0.3988139671875 0.4042919609375 0.41225464218749996 0.413004040625 0.44064992968750005 0.45753245624999994 0.42473135156249997 0.4497286765625 0.3988139671875
22 0.451401734375 0.3967663078125 0.44462567656249996 0.365359396875 0.4433349921875 0.367080315625 0.39654789687499997 0.381277975 0.40622799374999996 0.4105337234375 0.451401734375 0.3967663078125
23 0.4348477578125 0.33493490625 0.3897718265625 0.3490106328125 0.3978385703125 0.3782663515625 0.44494834531249994 0.36320823281250003 0.4348477578125 0.33493490625
0 0.41597439999999997 0.3238044640625 0.40332394374999997 0.330940890625 0.40848668281249995 0.3425571703125 0.4171987625 0.33653389375 0.41597439999999997 0.3238044640625
2 0.42541107968749997 0.2942845953125 0.38170510625 0.308999065625 0.3852544703125 0.32190602031250004 0.4333322375 0.3081386359375 0.42541107968749997 0.2942845953125
4 0.419966840625 0.25073069062500003 0.37041165625 0.2668363921875 0.3797690734375 0.2973828453125 0.42752416249999997 0.2831851859375 0.419966840625 0.25073069062500003
5 0.4123449078125 0.2129839734375 0.365248940625 0.22897601875 0.37428367812499996 0.2633945546875 0.41945743125 0.2457550859375 0.4123449078125 0.2129839734375
6 0.860711815625 0.33434406875 0.8451728624999999 0.33879682187500004 0.846296434375 0.3483847640625 0.8619140921874999 0.3420926828125 0.860711815625 0.33434406875
4 0.8594479843749999 0.3245704453125 0.843712215625 0.3292088890625 0.8453975765624999 0.33774815 0.861127590625 0.33265455625 0.8594479843749999 0.3245704453125
3 0.857678621875 0.3154708640625 0.842026859375 0.319021703125 0.843712215625 0.3289092671875 0.86000401875 0.32516397812500003 0.857678621875 0.3154708640625
14 0.8636122531250001 0.6122536484375 0.8483516828125 0.6146208109375 0.8500635921875 0.6231285640625 0.8659376625 0.6196009546875 0.8636122531250001 0.6122536484375