36 0.14765625 0.60234375 0.16875 0.046875
36 0.41484375 0.5125 0.1390625 0.046875
36 0.8234375 0.46796875 0.1046875 0.046875
22 0.8640625 0.4703125 0.015625 0.021875
16 0.84921875 0.4703125 0.0140625 0.021875
14 0.8359375 0.47109375 0.0140625 0.021875
0 0.82578125 0.471875 0.00625 0.0046875
7 0.8140625 0.471875 0.015625 0.021875
5 0.79921875 0.4734375 0.015625 0.021875
5 0.78359375 0.47421875 0.015625 0.021875
20 0.4671875 0.51484375 0.01875 0.028125
17 0.44921875 0.515625 0.01875 0.0265625
20 0.4296875 0.51640625 0.0203125 0.0265625
0 0.41640625 0.51640625 0.00625 0.00625
6 0.403125 0.5171875 0.0203125 0.028125
7 0.3828125 0.51796875 0.01875 0.028125
7 0.36328125 0.51875 0.01875 0.028125
2 0.20625 0.59765625 0.0125 0.03125
3 0.18828125 0.6015625 0.021875 0.03125
7 0.16796875 0.603125 0.01875 0.03125
1 0.1484375 0.6046875 0.0203125 0.028125
0 0.13515625 0.60546875 0.0046875 0.0046875
24 0.11060153125000001 0.5930004906249999 0.1139560640625 0.62200328125 0.1341812265625 0.6199412421875 0.1302460109375 0.5918975328125 0.11060153125000001 0.5930004906249999
22 0.0905278296875 0.59471565 0.09345635625 0.6243944390625 0.11377303125 0.6220574625 0.10983782187499999 0.5935491953125 0.0905278296875 0.59471565
14 0.0706660015625 0.5960848125 0.0741932015625 0.62558340625 0.09240118124999999 0.624151434375 0.089445959375 0.593878296875 0.0706660015625 0.5960848125